tests/files/spatial_manager/layers/compound/US/US0101201600.asc
ncols	60
nrows	60
xllcorner	390242.99999940
yllcorner	3870256.0000075
cellsize	500.00000000000
NODATA_value	-9999.000000
[rows 0 to 38 of 60, columns 0 to 59 of 60]
5.2171 5.0008 5.0466 4.9403 5.1315 4.9142 5.0236 4.6707 5.3954 5.2937 4.9728 5.0304 4.9750 4.9729 4.8147 4.8663 4.8588 4.8038 4.7856 4.8202 4.8081 4.7270 4.7376 4.6907 4.5581 4.6150 4.7172 4.5396 4.4548 4.4392 4.4122 4.3961 4.4275 4.3135 4.2243 4.2287 4.1897 4.0882 4.1321 4.1034 -9999 -9999 -9999 -9999 -9999 -9999 -9999 -9999 -9999 -9999 -9999 -9999 -9999 -9999 -9999 -9999 -9999 -9999 -9999 -9999
4.9768 4.9218 4.9357 5.1393 5.0866 4.7924 4.7490 5.0774 4.9012 5.0261 4.9357 5.3736 4.8745 4.7369 5.2511 4.7994 4.8455 4.8064 4.7635 4.5788 4.8754 4.8259 4.7013 4.6327 4.5586 4.4641 4.5555 4.5838 4.4303 4.3683 4.4067 4.3617 4.3424 4.3324 4.3321 4.2655 4.2537 4.1727 4.1105 4.0912 -9999 -9999 -9999 -9999 -9999 -9999 -9999 -9999 -9999 -9999 -9999 -9999 -9999 -9999 -9999 -9999 -9999 -9999 -9999 -9999
4.9353 5.0049 5.1071 5.0355 5.0350 4.9285 4.3785 4.8575 4.9451 4.9752 5.0337 4.9458 4.9877 4.7667 4.8754 4.7979 4.6947 4.7987 4.6948 4.7795 4.6066 4.8440 4.7289 4.5701 4.5250 4.4387 4.6241 4.4671 4.4156 4.3776 4.2848 4.3424 4.3215 4.2719 4.2890 4.2137 4.2771 4.1815 4.0439 4.0618 -9999 -9999 -9999 -9999 -9999 -9999 -9999 -9999 -9999 -9999 -9999 -9999 -9999 -9999 -9999 -9999 -9999 -9999 -9999 -9999
5.2875 5.0915 4.8443 5.2549 5.0803 4.9084 4.8541 4.8523 4.8573 4.9235 4.9980 5.0189 4.9789 4.8715 4.9795 4.7261 4.8005 4.7205 4.5326 4.7013 4.8673 4.9630 4.6656 4.4700 4.4909 4.4408 4.4000 4.4368 4.3871 4.2895 4.3723 4.2826 4.2420 4.2496 4.1706 4.2953 4.2517 4.2027 4.1316 4.1443 -9999 -9999 -9999 -9999 -9999 -9999 -9999 -9999 -9999 -9999 -9999 -9999 -9999 -9999 -9999 -9999 -9999 -9999 -9999 -9999
5.0692 5.3818 4.6859 5.0060 5.0206 4.9671 4.8601 4.7288 4.7406 5.2125 4.9538 4.8774 4.8056 4.8648 4.8268 4.9198 4.7527 4.7186 4.6490 4.4947 4.4547 4.8319 4.6432 4.5811 4.5196 4.4276 4.3957 4.3972 4.3899 4.3644 4.2980 4.3104 4.1967 4.2599 4.2193 4.1052 4.3703 4.1437 4.0155 3.9401 -9999 -9999 -9999 -9999 -9999 -9999 -9999 -9999 -9999 -9999 -9999 -9999 -9999 -9999 -9999 -9999 -9999 -9999 -9999 -9999
5.7796 5.3422 5.4831 5.3821 5.2615 5.1514 4.9240 4.7587 4.8610 4.8209 4.8865 4.8939 4.8797 4.7788 4.7067 4.7442 4.7599 4.6693 4.6176 4.6338 4.6503 4.7047 4.5905 4.5240 4.5183 4.3751 4.4124 4.3660 4.4556 4.3092 4.3747 4.2654 4.1559 4.2056 4.1325 4.1909 4.1770 4.0806 4.0920 4.0500 -9999 -9999 -9999 -9999 -9999 -9999 -9999 -9999 -9999 -9999 -9999 -9999 -9999 -9999 -9999 -9999 -9999 -9999 -9999 -9999
6.2766 5.9881 5.6112 5.0689 5.3077 4.9728 4.8490 4.8142 5.0206 4.8552 4.8897 4.8629 4.8255 4.8542 4.7921 4.8820 4.6707 4.6701 4.6772 4.6509 4.6848 4.6641 4.8627 4.6530 4.5140 4.4217 4.3800 4.2578 4.2982 4.3200 4.2501 4.2187 4.2707 4.1946 4.2313 4.1252 4.1229 4.0336 4.0530 4.0189 -9999 -9999 -9999 -9999 -9999 -9999 -9999 -9999 -9999 -9999 -9999 -9999 -9999 -9999 -9999 -9999 -9999 -9999 -9999 -9999
5.7080 5.8641 5.5813 5.4037 5.0684 5.0298 4.8513 4.6136 5.0223 4.9746 4.7941 4.8990 4.7914 4.8243 4.7807 4.6615 4.6253 4.6537 4.6897 4.5932 4.5491 4.5772 4.7860 4.6688 4.6118 4.4030 4.3688 4.3336 4.2719 4.3022 4.2309 4.2276 4.2242 4.1799 4.1167 4.1754 3.9996 4.1839 3.9775 3.9576 -9999 -9999 -9999 -9999 -9999 -9999 -9999 -9999 -9999 -9999 -9999 -9999 -9999 -9999 -9999 -9999 -9999 -9999 -9999 -9999
5.2914 6.1951 5.3483 5.2994 5.0489 4.9322 4.7921 4.7284 4.7470 4.8609 4.8388 4.8535 5.0045 4.8994 4.7134 4.6779 4.6505 4.6057 4.5574 4.5213 4.5502 4.5328 4.5506 4.5407 4.7010 4.4782 4.4728 4.3544 4.3093 4.2948 4.1831 4.1942 4.2138 4.1641 4.1520 4.0484 4.0034 4.0000 3.9979 3.9517 -9999 -9999 -9999 -9999 -9999 -9999 -9999 -9999 -9999 -9999 -9999 -9999 -9999 -9999 -9999 -9999 -9999 -9999 -9999 -9999
6.0158 5.1110 5.6571 5.1026 5.0327 5.0970 4.7686 4.7757 4.7873 4.4395 4.7971 4.8531 4.8035 4.9466 4.9768 4.7603 4.6535 4.5290 4.5771 4.5171 4.5097 4.5808 4.3743 4.5052 4.5473 4.4623 4.3583 4.3676 4.2809 4.3730 4.2026 4.1740 4.1737 4.1959 4.1790 4.2618 3.9716 3.9782 3.9528 3.8923 -9999 -9999 -9999 -9999 -9999 -9999 -9999 -9999 -9999 -9999 -9999 -9999 -9999 -9999 -9999 -9999 -9999 -9999 -9999 -9999
4.8345 4.9520 5.1891 4.8732 4.8912 4.8523 4.7808 4.8383 4.8145 4.7091 4.7926 4.7984 4.9446 4.5653 4.9633 5.0286 4.6823 4.5808 4.4842 4.4841 4.4710 4.2376 4.4298 4.5298 4.4905 4.4440 4.3827 4.3297 4.2684 4.3077 4.0640 4.1130 4.1261 4.1545 4.0279 4.1065 3.9913 3.9438 3.9260 3.9020 -9999 -9999 -9999 -9999 -9999 -9999 -9999 -9999 -9999 -9999 -9999 -9999 -9999 -9999 -9999 -9999 -9999 -9999 -9999 -9999
4.9367 5.2640 4.9696 5.0496 4.8340 4.7178 4.7248 4.5459 4.9316 4.8041 4.7678 4.8151 4.7047 4.6366 4.7842 4.7461 4.7437 4.5827 4.5608 4.4947 4.4849 4.4697 4.4642 4.3647 4.4627 4.4104 4.4382 4.3434 4.3314 4.2835 4.1478 4.0711 4.0848 4.1767 3.9491 4.1080 3.9629 4.0001 3.9040 3.8667 -9999 -9999 -9999 -9999 -9999 -9999 -9999 -9999 -9999 -9999 -9999 -9999 -9999 -9999 -9999 -9999 -9999 -9999 -9999 -9999
4.9504 4.6847 4.9028 4.8952 4.7585 4.7936 4.6084 4.6062 4.6803 4.8641 4.7207 4.8473 4.6695 4.6644 4.7697 4.7702 4.7515 4.6927 4.6894 4.5449 4.5233 4.5380 4.2975 4.3475 4.3255 4.4109 4.3205 4.2806 4.3387 4.1545 4.0898 4.0468 4.1991 4.0860 3.9371 4.1417 4.0260 3.9338 3.9055 3.8564 -9999 -9999 -9999 -9999 -9999 -9999 -9999 -9999 -9999 -9999 -9999 -9999 -9999 -9999 -9999 -9999 -9999 -9999 -9999 -9999
4.6077 4.6387 4.8711 5.1278 4.8075 4.6552 4.4895 4.6678 4.5520 4.7025 4.7820 4.6390 4.7337 4.6568 4.6172 4.7108 4.7434 4.6369 4.6509 4.6680 4.5389 4.5260 4.4173 4.4068 4.2604 4.2950 4.3014 4.2653 4.1271 4.0951 4.0876 4.0626 4.0915 4.0431 4.0456 4.0386 3.9930 3.9459 3.8685 3.8615 -9999 -9999 -9999 -9999 -9999 -9999 -9999 -9999 -9999 -9999 -9999 -9999 -9999 -9999 -9999 -9999 -9999 -9999 -9999 -9999
4.5629 4.4922 4.5162 4.6492 4.3600 4.7130 4.4773 4.4309 4.4883 4.6299 4.6276 4.6259 4.6347 4.5266 4.7267 4.6904 4.5376 4.6554 4.6304 4.6197 4.5412 4.5458 4.5055 4.4625 4.3031 4.3979 4.2048 4.1278 4.0929 4.0656 4.0378 4.0305 4.0550 4.0066 4.1031 4.0126 4.0200 3.9575 3.8483 3.8595 -9999 -9999 -9999 -9999 -9999 -9999 -9999 -9999 -9999 -9999 -9999 -9999 -9999 -9999 -9999 -9999 -9999 -9999 -9999 -9999
4.6958 4.5984 4.5136 4.6544 4.6100 4.6719 4.4541 4.5335 4.6487 4.5012 4.6811 4.6916 4.6391 4.5783 4.6274 4.5768 4.5693 4.6340 4.6045 4.6493 4.3881 4.3624 4.3550 4.3424 4.3403 4.2320 4.2159 4.1567 4.0138 4.0501 4.0209 3.9523 4.0273 4.0167 3.9296 3.9110 4.2781 4.0927 3.8520 3.8428 -9999 -9999 -9999 -9999 -9999 -9999 -9999 -9999 -9999 -9999 -9999 -9999 -9999 -9999 -9999 -9999 -9999 -9999 -9999 -9999
4.4680 4.4966 4.7929 4.8237 5.0982 4.7299 4.5690 4.6951 4.5799 4.5368 4.6270 4.6151 4.6467 4.5813 4.5112 4.5101 4.5379 4.5256 4.5236 4.5161 4.2808 4.3207 4.3398 4.5111 4.2418 4.5543 4.0861 4.1619 4.0517 4.0201 4.0454 3.9828 3.9914 3.9851 3.9528 3.9498 4.1440 4.0216 3.8300 3.8422 -9999 -9999 -9999 -9999 -9999 -9999 -9999 -9999 -9999 -9999 -9999 -9999 -9999 -9999 -9999 -9999 -9999 -9999 -9999 -9999
4.7871 4.3194 4.5651 4.4011 4.6385 4.9584 4.7082 4.4802 4.8572 4.8322 4.4572 4.5336 4.5834 4.5102 4.3623 4.5331 4.5354 4.5987 4.9189 4.6110 4.4411 4.4022 4.3678 4.2600 4.1189 4.3396 4.2271 4.0785 4.0711 4.0259 4.0365 4.0131 3.9784 3.9771 3.9979 3.9167 4.0731 3.9195 3.8338 3.8580 -9999 -9999 -9999 -9999 -9999 -9999 -9999 -9999 -9999 -9999 -9999 -9999 -9999 -9999 -9999 -9999 -9999 -9999 -9999 -9999
4.6258 4.6401 4.8110 4.4428 4.6060 4.5723 4.6842 4.6323 4.6782 4.5097 4.5823 4.5052 4.5525 4.5000 4.4944 4.3966 4.6956 4.6851 4.4384 4.4764 4.4174 4.3050 4.3463 4.2483 4.2427 4.1097 4.2386 4.1311 4.0657 4.0368 4.0397 4.0211 3.9273 3.9400 3.9490 3.9781 3.9919 3.9827 3.8471 3.8328 -9999 -9999 -9999 -9999 -9999 -9999 -9999 -9999 -9999 -9999 -9999 -9999 -9999 -9999 -9999 -9999 -9999 -9999 -9999 -9999
4.6968 4.6466 4.9277 4.6684 4.6608 4.6494 4.6159 4.6718 4.6428 4.5878 4.6468 4.5769 4.5422 4.5131 4.4876 4.5254 4.3845 4.4762 4.3094 4.3630 4.2774 4.3430 4.3122 4.2522 4.4877 4.1574 4.2370 4.0948 4.0698 4.0257 4.0144 3.9614 4.2170 3.9904 3.9678 3.9737 3.9082 3.9134 3.9210 3.8339 -9999 -9999 -9999 -9999 -9999 -9999 -9999 -9999 -9999 -9999 -9999 -9999 -9999 -9999 -9999 -9999 -9999 -9999 -9999 -9999
4.5749 4.4613 4.6367 5.0183 4.8205 4.5520 4.7921 4.7784 4.7043 4.5991 4.3678 4.6279 4.5143 4.5343 4.4742 4.4476 4.5045 4.4561 4.3670 4.3130 4.4155 4.2477 4.2891 4.2100 4.1587 4.0579 3.7382 3.9265 4.0810 4.0063 3.9738 3.9372 3.9402 3.8802 3.9241 3.9183 3.8958 3.8537 3.8533 3.8252 3.7643 3.7470 3.6931 3.6958 3.6605 3.6653 3.6567 3.6109 3.5870 3.5518 3.5601 3.6211 3.4223 3.3859 -9999 -9999 -9999 -9999 3.3424 3.4766
4.3623 4.5399 4.7510 4.2684 5.1022 4.6473 4.5050 5.0420 4.7438 4.6650 4.6192 4.5769 4.5246 4.4803 4.4817 4.4679 4.3924 4.4989 4.3243 4.3657 4.3148 4.3658 4.2829 4.3027 4.1303 4.0479 4.0494 3.9539 3.9476 3.8765 3.9512 3.9555 3.9267 3.6637 3.8378 3.9038 3.8464 3.8467 3.8584 3.7915 3.7367 3.7011 3.7022 3.6808 3.6014 3.6858 3.6346 3.5726 3.5784 3.5095 3.5067 3.4904 3.4594 3.4613 3.4014 3.6885 3.2708 3.3317 3.1836 3.4873
4.5778 4.4938 4.4549 4.3511 4.5000 4.5144 4.6903 4.6506 5.1599 4.8706 4.6811 4.9034 4.7569 4.8338 4.4687 4.3813 4.2102 4.4060 4.3475 4.2815 4.3329 4.2516 4.1782 4.1544 4.1200 4.0883 4.0383 3.9862 3.9473 3.9237 3.8565 3.9378 3.8580 3.8846 3.8753 3.8975 3.7266 3.7532 3.7443 3.8270 3.7909 3.8536 3.5887 3.6222 3.6206 3.6308 3.6131 3.6234 3.5810 3.5099 3.5130 3.4762 3.4155 3.3666 3.4643 3.7831 3.6204 3.4483 3.3979 3.4942
4.5356 4.4206 4.4767 4.4780 4.5023 4.7970 4.7007 4.6561 4.5212 4.8919 4.5546 4.5779 4.4794 5.0044 4.7135 4.4098 4.2959 4.3278 4.1994 4.3111 4.2934 3.9500 4.1393 4.0319 3.9757 3.9725 3.9793 3.9501 3.9328 3.9184 3.9133 3.8914 3.8980 3.6594 3.7743 3.2381 3.8293 3.2640 3.6189 3.7683 3.6521 3.7490 3.7293 3.7089 3.6160 3.6440 3.6445 3.6616 3.6306 3.5338 3.4865 3.4702 3.5014 3.4323 3.4080 3.5036 3.4782 3.5603 3.4333 3.4676
4.4860 4.3355 4.3759 4.4051 4.4814 4.4808 4.6787 4.6122 4.6448 4.5208 4.6164 4.5727 4.5155 4.5215 4.7462 4.5147 4.6246 4.3115 4.2616 4.2772 4.1978 4.2560 4.0922 4.0688 4.0389 3.9895 3.9810 3.9776 3.8952 3.8947 3.8819 3.8708 3.8709 3.8245 3.7155 3.8807 3.8078 2.8999 4.0951 3.6983 3.6882 3.6033 3.6434 3.8545 3.7137 3.6849 3.6427 3.6099 3.5527 3.5988 3.5337 3.5195 3.5010 3.4625 3.4422 3.4792 3.4698 3.3484 3.3599 3.3248
4.4018 4.1721 4.4887 4.2570 4.5114 4.5168 4.7692 4.6086 4.6856 4.6216 4.4755 4.6599 4.5220 4.5879 4.7048 4.5596 4.5998 4.3813 4.2897 4.2886 4.1724 4.0362 3.9899 4.3303 4.0097 4.0686 3.9848 3.7950 4.2061 3.9272 3.8531 3.8325 3.8803 3.8179 3.7546 3.7289 3.6748 3.9131 3.6186 3.0582 3.4452 3.5860 3.6431 3.7797 3.7505 3.6461 3.5865 3.5603 3.5108 3.5908 3.5117 3.4993 3.4911 3.4581 3.4654 3.4145 3.4640 3.6201 3.3002 3.4514
4.1586 4.3403 4.4144 4.2197 4.3206 4.4970 4.4363 4.4453 4.6065 4.6213 4.6023 4.5189 4.5537 4.5915 4.5971 4.7011 4.4509 4.4376 4.1967 4.1963 4.2985 4.1427 3.9697 4.1426 4.1118 4.1419 4.1192 3.9153 4.0204 3.9101 4.0018 3.8786 3.8101 3.7929 3.6988 3.7618 3.4762 3.6246 3.7347 3.3960 3.2475 3.3956 3.4231 3.6335 3.6552 3.6613 3.5489 3.6584 3.5191 3.3130 3.5557 3.4972 3.2753 3.3893 3.4665 3.3545 3.5648 3.4438 3.4624 3.2324
4.3924 4.3606 4.3380 4.3096 4.3314 4.3328 4.4078 4.3822 4.2827 4.3587 4.3912 4.5599 4.4101 4.2855 4.5103 4.4680 4.4146 4.6462 4.3265 4.3544 4.2321 4.1627 4.0144 4.1412 4.0923 4.1116 3.9448 3.8456 4.0684 3.9860 3.7755 3.8686 3.8417 3.8225 3.7882 3.7278 3.7615 3.6905 3.9758 3.9526 2.9776 3.6092 3.3843 3.6561 3.6561 3.5821 3.5748 3.4899 3.2527 3.4688 3.6197 3.4872 3.3627 3.3435 3.5309 3.4088 3.4120 3.5393 3.5105 3.4406
4.3146 4.3049 4.3520 4.3079 4.4337 4.3493 4.4441 4.2720 4.5501 4.4443 4.6633 4.3111 4.1041 4.3882 4.5844 4.4808 4.5393 4.3542 4.4939 4.2797 4.2580 4.3772 4.0680 4.6218 4.1080 4.3707 4.0346 3.8045 3.9816 4.1514 4.1050 3.8606 3.8003 3.8874 3.8114 3.8074 3.9593 3.7582 3.8546 3.3007 3.4265 3.0416 2.9277 3.5313 3.5376 3.6644 3.6301 3.4418 3.1912 3.4245 3.4783 3.4848 3.4443 3.5334 3.5772 3.5746 3.3293 3.3101 3.4754 3.4855
4.1886 4.3732 4.3127 4.3107 4.3853 4.3433 4.2932 4.2881 4.3665 4.4419 4.3968 4.3279 4.2492 4.4301 4.5468 4.2885 4.2717 4.4063 4.4038 4.3412 3.8004 4.1915 4.1633 4.1324 4.3777 4.0546 4.1255 3.9528 3.9858 3.8846 3.9875 3.9447 3.7896 3.8955 3.8251 3.8839 3.8963 3.7597 3.7065 3.7367 3.7826 3.7887 2.9550 2.8691 3.3382 3.3147 3.2022 3.3209 3.0601 3.4064 3.3710 3.6978 3.4347 3.4807 3.5597 3.4689 3.4931 3.4230 3.3062 3.4338
4.3387 4.5275 4.3650 4.3224 4.3279 4.2863 4.4383 4.3815 4.4605 4.4271 4.4484 4.3145 3.9226 4.4863 4.6438 4.4501 4.3464 4.4357 4.3530 4.0721 3.9934 3.8984 4.1193 4.1631 3.9591 4.2248 4.1713 3.9715 3.9354 3.7174 4.2789 3.9584 3.9248 3.8343 3.8321 3.8042 3.8536 3.8559 3.8642 3.7597 3.7530 3.7309 3.8036 3.2599 2.7580 2.6488 3.5266 3.3839 3.5295 3.4590 3.4582 3.4886 3.3320 2.9818 3.4905 3.5193 3.4614 3.4985 3.4373 3.4599
4.2538 4.3445 4.3397 4.2831 4.2997 4.0429 4.4330 4.3514 4.2769 4.2657 4.3719 4.3779 4.5262 4.4832 4.4280 4.5267 4.6748 4.2939 4.2097 4.1457 4.0175 4.0094 3.8475 4.1965 4.0490 4.0995 4.0306 4.0600 3.9956 3.9357 3.8400 3.8744 3.8943 3.8677 3.8302 3.7733 3.8105 4.0347 3.7278 3.7486 3.7670 3.6377 3.6528 3.5921 2.5909 3.2727 3.5162 3.4152 3.4292 3.8269 3.4434 3.2854 3.3110 3.7389 3.5034 3.4919 3.4926 3.4836 3.4641 3.4272
4.3249 4.3806 4.4173 4.3064 4.2925 4.0744 4.3077 4.3948 4.0093 4.1351 4.3162 4.2800 4.0331 4.5450 4.4368 4.0974 4.4217 4.7559 4.1522 4.5766 3.9491 3.9601 3.5894 4.0510 3.9575 4.0960 3.8696 3.9375 4.0053 3.6897 3.7452 3.8242 3.9456 3.8267 3.7773 3.5579 3.7948 3.6955 3.7849 3.7429 3.5989 3.5580 3.6607 3.8658 3.1866 3.0003 3.6503 3.3554 3.3690 2.7450 2.7067 3.0944 3.2554 3.6471 3.2766 3.4252 3.5246 3.4310 3.3261 3.3492
4.3370 4.3556 4.3814 4.2770 4.3283 4.3097 4.3145 4.3855 4.3214 4.2662 4.2854 4.3068 4.2506 4.2644 4.4071 4.3607 4.3330 4.2397 4.1545 4.0045 3.9466 4.1654 3.7570 4.0585 4.0634 3.8361 3.7539 3.7720 3.9108 3.5805 3.7652 3.7071 3.7272 3.8814 3.8077 3.7117 3.6569 3.6042 3.7702 3.6509 3.3676 3.5608 3.6844 4.0072 3.5227 2.6023 3.1420 3.3963 3.4315 2.3719 3.1432 3.4826 3.3727 3.6280 3.5432 3.4260 3.4210 3.4102 3.4871 3.3626
4.3863 4.2189 3.6016 4.2569 4.2272 4.1997 4.3009 4.2754 4.3028 4.2546 4.2187 4.0103 4.2325 4.0742 4.3358 4.2123 4.1321 4.1159 4.0585 4.1079 3.9209 4.0296 3.9287 3.8076 3.8769 3.9803 4.1518 3.8500 3.9177 3.7939 3.7343 3.6609 3.7703 3.8401 3.7763 3.6605 3.5260 3.5929 3.6271 3.8581 3.7696 3.6236 3.6866 3.6260 3.8243 3.5793 2.9643 3.1129 3.0286 2.8402 3.4738 3.1955 3.4100 3.4919 3.5964 3.4512 3.4525 3.3250 3.3150 3.3719
4.2551 4.2619 3.9344 4.1560 4.2226 4.2391 4.2568 4.2714 4.1993 4.1708 4.2198 4.4020 4.1521 4.0827 4.2403 4.1156 4.1274 4.1016 4.0895 4.0387 4.0175 3.7509 3.8796 3.7920 3.7113 3.0489 3.8717 3.8797 3.8437 3.7997 3.7422 3.6939 3.7140 3.7275 3.7415 3.6632 3.6156 3.7558 3.5950 3.6529 3.7517 3.6945 3.3964 3.6062 3.5554 3.0957 2.9526 2.7502 2.8348 3.0725 3.3881 3.4523 3.0948 3.3525 3.5002 3.5157 3.3960 3.4475 3.3911 3.4202
4.0168 4.0883 4.1614 4.1439 4.2346 3.7699 4.2933 4.2330 4.2431 4.2242 4.2139 4.2665 4.0502 4.0626 4.1548 4.1825 4.0947 4.1406 4.1130 3.9425 3.9997 4.0614 3.8950 3.8140 4.0051 3.9405 3.8479 3.8550 3.7057 3.7394 3.5542 3.6876 3.6297 3.7150 3.6235 3.6386 3.6490 3.7063 3.6615 3.6095 3.6792 3.6583 3.7666 3.4915 3.6540 3.9549 3.5068 2.6179 3.7211 3.2019 3.3906 3.4602 3.4886 3.3712 3.5809 3.2940 3.4473 3.3394 3.4210 3.2786
4.1163 4.2759 3.7313 4.0997 3.9445 4.1873 4.2271 4.2274 4.2060 4.2012 4.1617 4.1951 3.9782 4.0629 4.0981 4.1103 3.7107 4.0872 4.0353 4.0044 4.0063 3.9208 4.1755 3.9648 3.8133 3.6770 3.9194 3.7835 3.7031 3.8195 3.6908 3.6351 3.6357 3.7160 3.6377 3.6783 3.5728 3.6319 3.6815 3.6052 3.5578 3.6181 3.8889 3.1057 3.3391 3.1414 2.7918 2.9404 3.2167 3.4140 2.9858 3.4570 3.4375 3.7356 3.4901 3.5718 3.3861 3.4759 3.3831 3.3411
3.7515 4.1629 4.1776 4.1538 4.1170 4.1490 4.0950 4.2255 4.2164 4.1178 4.0753 4.1118 3.9791 3.8319 4.0798 3.9821 4.0648 3.9720 3.9121 4.1653 4.0536 3.9557 3.9819 3.8862 3.7915 3.6437 3.7294 3.8257 3.4586 3.7998 3.8421 3.7557 3.7654 3.6279 3.8579 3.5831 3.6218 3.7514 3.7673 3.6465 3.5428 3.6573 3.3956 3.6296 2.9186 3.2929 2.5853 3.3936 3.0994 3.4712 3.6047 3.7430 3.5008 3.4266 3.6480 3.6274 3.4380 3.5600 3.4090 3.3477
