tests/files/spatial_manager/layers/compound/US/US0101201606.asc
ncols	60
nrows	60
xllcorner	390242.99999940
yllcorner	3870256.0000075
cellsize	500.00000000000
NODATA_value	-9999.000000
[rows 0 to 38 of 60, columns 0 to 59 of 60]
2.6401 2.5448 2.5813 2.5389 2.6485 2.5463 2.6124 2.4368 2.8233 2.7776 2.6158 2.6523 2.6289 2.6333 2.5547 2.5874 2.5887 2.5648 2.5607 2.5854 2.5855 2.5489 2.5624 2.5455 2.4827 2.5238 2.5912 2.5057 2.4720 2.4775 2.4779 2.4855 2.5214 2.4756 2.4445 2.4686 2.4687 2.4326 2.4841 2.4935 -9999 -9999 -9999 -9999 -9999 -9999 -9999 -9999 -9999 -9999 -9999 -9999 -9999 -9999 -9999 -9999 -9999 -9999 -9999 -9999
2.5051 2.4921 2.5127 2.6295 2.6146 2.4738 2.4609 2.6405 2.5573 2.6304 2.5904 2.8277 2.5716 2.5051 2.7836 2.5501 2.5808 2.5663 2.5499 2.4577 2.6245 2.6061 2.5475 2.5196 2.4893 2.4485 2.5106 2.5394 2.4683 2.4487 2.4865 2.4785 2.4863 2.5006 2.5219 2.5057 2.5227 2.4996 2.4883 2.5038 -9999 -9999 -9999 -9999 -9999 -9999 -9999 -9999 -9999 -9999 -9999 -9999 -9999 -9999 -9999 -9999 -9999 -9999 -9999 -9999
2.4710 2.5214 2.5877 2.5651 2.5775 2.5345 2.2611 2.5182 2.5729 2.5973 2.6361 2.5978 2.6272 2.5178 2.5822 2.5480 2.5000 2.5626 2.5145 2.5677 2.4830 2.6201 2.5675 2.4914 2.4778 2.4422 2.5574 2.4843 2.4705 2.4651 2.4296 2.4805 2.4881 2.4801 2.5121 2.4911 2.5534 2.5220 2.4651 2.5036 -9999 -9999 -9999 -9999 -9999 -9999 -9999 -9999 -9999 -9999 -9999 -9999 -9999 -9999 -9999 -9999 -9999 -9999 -9999 -9999
2.6332 2.5521 2.4430 2.6651 2.5901 2.5146 2.4981 2.5077 2.5202 2.5640 2.6119 2.6315 2.6188 2.5703 2.6353 2.5089 2.5563 2.5216 2.4293 2.5284 2.6272 2.6893 2.5387 2.4431 2.4663 2.4514 2.4424 2.4774 2.4653 2.4269 2.4917 2.4595 2.4561 2.4819 2.4580 2.5558 2.5552 2.5523 2.5364 2.5729 -9999 -9999 -9999 -9999 -9999 -9999 -9999 -9999 -9999 -9999 -9999 -9999 -9999 -9999 -9999 -9999 -9999 -9999 -9999 -9999
2.5109 2.6840 2.3520 2.5277 2.5493 2.5353 2.4927 2.4364 2.4530 2.7080 2.5835 2.5530 2.5243 2.5643 2.5529 2.6110 2.5311 2.5218 2.4937 2.4202 2.4083 2.6234 2.5324 2.5107 2.4898 2.4526 2.4493 2.4656 2.4781 2.4813 2.4622 2.4891 2.4441 2.5031 2.5025 2.4587 2.6443 2.5339 2.4826 2.4638 -9999 -9999 -9999 -9999 -9999 -9999 -9999 -9999 -9999 -9999 -9999 -9999 -9999 -9999 -9999 -9999 -9999 -9999 -9999 -9999
2.8474 2.6509 2.7392 2.7058 2.6609 2.6196 2.5171 2.4445 2.5086 2.4988 2.5434 2.5575 2.5601 2.5167 2.4881 2.5175 2.5355 2.4970 2.4794 2.4986 2.5185 2.5599 2.5100 2.4865 2.4973 2.4324 2.4685 2.4588 2.5271 2.4623 2.5196 2.4771 2.4347 2.4865 2.4668 2.5268 2.5446 2.5128 2.5480 2.5509 -9999 -9999 -9999 -9999 -9999 -9999 -9999 -9999 -9999 -9999 -9999 -9999 -9999 -9999 -9999 -9999 -9999 -9999 -9999 -9999
3.0756 2.9564 2.7900 2.5372 2.6735 2.5196 2.4706 2.4658 2.5843 2.5110 2.5404 2.5376 2.5288 2.5545 2.5323 2.5906 2.4890 2.4994 2.5142 2.5116 2.5421 2.5436 2.6660 2.5654 2.5035 2.4676 2.4606 2.4088 2.4497 2.4813 2.4613 2.4642 2.5171 2.4957 2.5423 2.5039 2.5291 2.5014 2.5418 2.5497 -9999 -9999 -9999 -9999 -9999 -9999 -9999 -9999 -9999 -9999 -9999 -9999 -9999 -9999 -9999 -9999 -9999 -9999 -9999 -9999
2.7819 2.8806 2.7622 2.6932 2.5429 2.5394 2.4638 2.3563 2.5787 2.5673 2.4864 2.5529 2.5084 2.5372 2.5257 2.4740 2.4661 2.4929 2.5243 2.4847 2.4736 2.5024 2.6315 2.5824 2.5670 2.4670 2.4650 2.4632 2.4469 2.4843 2.4639 2.4840 2.5050 2.5028 2.4898 2.5516 2.4704 2.6130 2.5123 2.5290 -9999 -9999 -9999 -9999 -9999 -9999 -9999 -9999 -9999 -9999 -9999 -9999 -9999 -9999 -9999 -9999 -9999 -9999 -9999 -9999
2.5650 3.0280 2.6346 2.6299 2.5232 2.4813 2.4260 2.4082 2.4315 2.5036 2.5054 2.5260 2.6177 2.5755 2.4899 2.4834 2.4812 2.4698 2.4567 2.4504 2.4799 2.4847 2.5097 2.5202 2.6266 2.5196 2.5351 2.4869 2.4811 2.4936 2.4501 2.4792 2.5145 2.5095 2.5279 2.4909 2.4901 2.5158 2.5434 2.5435 -9999 -9999 -9999 -9999 -9999 -9999 -9999 -9999 -9999 -9999 -9999 -9999 -9999 -9999 -9999 -9999 -9999 -9999 -9999 -9999
2.9005 2.4857 2.7739 2.5215 2.5054 2.5553 2.4067 2.4257 2.4464 2.2821 2.4800 2.5229 2.5107 2.5994 2.6292 2.5283 2.4849 2.4318 2.4714 2.4531 2.4638 2.5182 2.4202 2.5094 2.5508 2.5215 2.4817 2.5070 2.4778 2.5532 2.4760 2.4824 2.5064 2.5452 2.5614 2.6402 2.4876 2.5199 2.5327 2.5233 -9999 -9999 -9999 -9999 -9999 -9999 -9999 -9999 -9999 -9999 -9999 -9999 -9999 -9999 -9999 -9999 -9999 -9999 -9999 -9999
2.3185 2.3964 2.5328 2.3981 2.4257 2.4243 2.4055 2.4510 2.4549 2.4162 2.4741 2.4919 2.5828 2.3984 2.6226 2.6724 2.5028 2.4630 2.4256 2.4406 2.4490 2.3365 2.4592 2.5327 2.5293 2.5224 2.5076 2.4980 2.4840 2.5294 2.4087 2.4613 2.4938 2.5368 2.4856 2.5617 2.5175 2.5159 2.5335 2.5478 -9999 -9999 -9999 -9999 -9999 -9999 -9999 -9999 -9999 -9999 -9999 -9999 -9999 -9999 -9999 -9999 -9999 -9999 -9999 -9999
2.3549 2.5348 2.4146 2.4746 2.3884 2.3492 2.3704 2.2971 2.5092 2.4608 2.4581 2.4983 2.4563 2.4358 2.5288 2.5242 2.5386 2.4680 2.4720 2.4522 2.4635 2.4723 2.4871 2.4499 2.5244 2.5149 2.5519 2.5191 2.5347 2.5299 2.4733 2.4516 2.4849 2.5674 2.4536 2.5804 2.5172 2.5699 2.5373 2.5426 -9999 -9999 -9999 -9999 -9999 -9999 -9999 -9999 -9999 -9999 -9999 -9999 -9999 -9999 -9999 -9999 -9999 -9999 -9999 -9999
2.3489 2.2448 2.3715 2.3891 2.3425 2.3792 2.3054 2.3218 2.3766 2.4875 2.4309 2.5131 2.4371 2.4506 2.5224 2.5393 2.5462 2.5316 2.5472 2.4860 2.4920 2.5185 2.4032 2.4503 2.4577 2.5273 2.4969 2.4960 2.5534 2.4683 2.4537 2.4525 2.5712 2.5286 2.4629 2.6196 2.5752 2.5452 2.5562 2.5538 -9999 -9999 -9999 -9999 -9999 -9999 -9999 -9999 -9999 -9999 -9999 -9999 -9999 -9999 -9999 -9999 -9999 -9999 -9999 -9999
2.1748 2.2120 2.3457 2.4926 2.3580 2.3032 2.2397 2.3474 2.3070 2.4013 2.4599 2.4036 2.4701 2.4472 2.4434 2.5104 2.5457 2.5063 2.5322 2.5603 2.5083 2.5207 2.4798 2.4943 2.4318 2.4730 2.4989 2.5009 2.4429 2.4477 2.4677 2.4780 2.5219 2.5189 2.5482 2.5722 2.5720 2.5709 2.5498 2.5751 -9999 -9999 -9999 -9999 -9999 -9999 -9999 -9999 -9999 -9999 -9999 -9999 -9999 -9999 -9999 -9999 -9999 -9999 -9999 -9999
2.1424 2.1318 2.1653 2.2510 2.1310 2.3245 2.2277 2.2233 2.2707 2.3611 2.3783 2.3957 2.4184 2.3797 2.5034 2.5027 2.4393 2.5216 2.5273 2.5412 2.5179 2.5411 2.5396 2.5369 2.4678 2.5450 2.4559 2.4339 2.4369 2.4449 2.4531 2.4743 2.5160 2.5130 2.6021 2.5734 2.6075 2.5965 2.5542 2.5915 -9999 -9999 -9999 -9999 -9999 -9999 -9999 -9999 -9999 -9999 -9999 -9999 -9999 -9999 -9999 -9999 -9999 -9999 -9999 -9999
2.1934 2.1719 2.1547 2.2448 2.2454 2.2973 2.2105 2.2700 2.3479 2.2926 2.4039 2.4289 2.4209 2.4082 2.4532 2.4456 2.4609 2.5157 2.5199 2.5654 2.4415 2.4479 2.4651 2.4799 2.5013 2.4617 2.4758 2.4650 2.4041 2.4507 2.4584 2.4422 2.5155 2.5365 2.5092 2.5255 2.7941 2.7038 2.5742 2.5979 -9999 -9999 -9999 -9999 -9999 -9999 -9999 -9999 -9999 -9999 -9999 -9999 -9999 -9999 -9999 -9999 -9999 -9999 -9999 -9999
2.0763 2.1138 2.2783 2.3176 2.4749 2.3191 2.2620 2.3462 2.3096 2.3083 2.3747 2.3889 2.4256 2.4115 2.3944 2.4137 2.4489 2.4629 2.4827 2.5000 2.3905 2.4342 2.4672 2.5883 2.4568 2.6633 2.4130 2.4824 2.4415 2.4477 2.4893 2.4773 2.5098 2.5336 2.5413 2.5681 2.7252 2.6750 2.5769 2.6150 -9999 -9999 -9999 -9999 -9999 -9999 -9999 -9999 -9999 -9999 -9999 -9999 -9999 -9999 -9999 -9999 -9999 -9999 -9999 -9999
2.2133 2.0212 2.1610 2.1067 2.2444 2.4244 2.3255 2.2347 2.4460 2.4562 2.2864 2.3467 2.3936 2.3761 2.3185 2.4303 2.4529 2.5092 2.7078 2.5612 2.4894 2.4905 2.4943 2.4561 2.3979 2.5515 2.5105 2.4471 2.4682 2.4668 2.4999 2.5126 2.5184 2.5456 2.5878 2.5640 2.6968 2.6248 2.5968 2.6431 -9999 -9999 -9999 -9999 -9999 -9999 -9999 -9999 -9999 -9999 -9999 -9999 -9999 -9999 -9999 -9999 -9999 -9999 -9999 -9999
2.1281 2.1614 2.2681 2.1190 2.2217 2.2297 2.3085 2.3065 2.3529 2.2905 2.3498 2.3323 2.3788 2.3733 2.3922 2.3618 2.5456 2.5635 2.4511 2.4954 2.4859 2.4460 2.4935 2.4615 2.4829 2.4297 2.5318 2.4936 2.4802 2.4892 2.5182 2.5342 2.5027 2.5390 2.5735 2.6219 2.6609 2.6850 2.6230 2.6429 -9999 -9999 -9999 -9999 -9999 -9999 -9999 -9999 -9999 -9999 -9999 -9999 -9999 -9999 -9999 -9999 -9999 -9999 -9999 -9999
2.1501 2.1548 2.3139 2.2188 2.2413 2.2615 2.2701 2.3225 2.3325 2.3287 2.3825 2.3701 2.3753 2.3831 2.3926 2.4361 2.3830 2.4564 2.3879 2.4412 2.4170 2.4786 2.4858 2.4763 2.6404 2.4717 2.5457 2.4866 2.4982 2.4982 2.5187 2.5131 2.7053 2.5887 2.6031 2.6365 2.6224 2.6556 2.6908 2.6605 -9999 -9999 -9999 -9999 -9999 -9999 -9999 -9999 -9999 -9999 -9999 -9999 -9999 -9999 -9999 -9999 -9999 -9999 -9999 -9999
2.0842 2.0598 2.1688 2.3770 2.3114 2.2087 2.3522 2.3720 2.3611 2.3333 2.2395 2.3977 2.3629 2.3977 2.3899 2.3997 2.4549 2.4530 2.4283 2.4227 2.5056 2.4353 2.4846 2.4644 2.4602 2.4263 2.2593 2.3990 2.5208 2.5021 2.5095 2.5143 2.5445 2.5340 2.5916 2.6170 2.6313 2.6321 2.6612 2.6710 2.6573 2.6737 2.6634 2.6934 2.6952 2.7259 2.7462 2.7377 2.7448 2.7421 2.7721 2.8428 2.7077 2.6987 -9999 -9999 -9999 -9999 2.7452 2.8684
1.9780 2.0872 2.2139 2.0152 2.4396 2.2498 2.2073 2.4996 2.3790 2.3660 2.3688 2.3727 2.3710 2.3728 2.3987 2.4165 2.4007 2.4847 2.4134 2.4622 2.4593 2.5148 2.4935 2.5321 2.4571 2.4344 2.4621 2.4307 2.4539 2.4367 2.5115 2.5426 2.5525 2.4084 2.5513 2.6243 2.6147 2.6440 2.6813 2.6636 2.6534 2.6560 2.6846 2.6964 2.6648 2.7540 2.7416 2.7198 2.7484 2.7187 2.7389 2.7475 2.7434 2.7642 2.7341 2.9831 2.6602 2.7236 2.6147 2.8759
2.0660 2.0574 2.0683 2.0477 2.1460 2.1807 2.2943 2.3030 2.5860 2.4699 2.4013 2.5441 2.4959 2.5645 2.3970 2.3759 2.3081 2.4418 2.4356 2.4248 2.4808 2.4610 2.4451 2.4580 2.4648 2.4731 2.4702 2.4657 2.4692 2.4821 2.4673 2.5478 2.5243 2.5704 2.5930 2.6370 2.5493 2.5958 2.6178 2.7044 2.7073 2.7807 2.6160 2.6669 2.6917 2.7250 2.7367 2.7690 2.7600 2.7275 2.7514 2.7430 2.7141 2.6930 2.7883 3.0622 2.9459 2.8192 2.7899 2.8797
2.0377 2.0158 2.0711 2.1011 2.1417 2.3126 2.2960 2.3034 2.2648 2.4807 2.3376 2.3775 2.3538 2.6601 2.5343 2.3981 2.3627 2.4071 2.3621 2.4522 2.4696 2.2977 2.4350 2.3987 2.3920 2.4172 2.4489 2.4586 2.4757 2.4948 2.5198 2.5341 2.5671 2.4370 2.5417 2.2047 2.6359 2.2712 2.5451 2.6782 2.6226 2.7196 2.7323 2.7438 2.7005 2.7465 2.7713 2.8082 2.8074 2.7540 2.7376 2.7441 2.7872 2.7493 2.7456 2.8377 2.8308 2.9102 2.8172 2.8550
2.0065 1.9692 2.0176 2.0609 2.1267 2.1562 2.2822 2.2798 2.3260 2.2930 2.3710 2.3776 2.3766 2.4085 2.5584 2.4624 2.5520 2.4071 2.4069 2.4438 2.4262 2.4883 2.4202 2.4341 2.4441 2.4421 2.4650 2.4912 2.4676 2.4955 2.5157 2.5369 2.5656 2.5632 2.5178 2.6587 2.6370 2.0298 2.8966 2.6431 2.6627 2.6273 2.6823 2.8646 2.7854 2.7883 2.7801 2.7777 2.7553 2.8120 2.7808 2.7883 2.7911 2.7766 2.7751 2.8188 2.8237 2.7356 2.7545 2.7339
1.9603 1.8878 2.0628 1.9861 2.1361 2.1698 2.3236 2.2766 2.3461 2.3450 2.3006 2.4263 2.3843 2.4494 2.5429 2.4947 2.5473 2.4556 2.4331 2.4616 2.4233 2.3720 2.3725 2.6052 2.4406 2.5055 2.4825 2.3916 2.6813 2.5324 2.5129 2.5278 2.5881 2.5749 2.5600 2.5701 2.5600 2.7548 2.5738 2.1974 2.5000 2.6274 2.6945 2.8212 2.8243 2.7692 2.7464 2.7480 2.7302 2.8123 2.7689 2.7767 2.7865 2.7752 2.7950 2.7663 2.8178 2.9553 2.7024 2.8335
1.8443 1.9567 2.0223 1.9636 2.0416 2.1570 2.1592 2.1948 2.3066 2.3461 2.3682 2.3564 2.4059 2.4574 2.4919 2.5806 2.4740 2.4972 2.3908 2.4199 2.5091 2.4474 2.3735 2.5065 2.5175 2.5660 2.5819 2.4828 2.5791 2.5373 2.6264 2.5744 2.5571 2.5738 2.5372 2.6082 2.4357 2.5659 2.6708 2.4527 2.3682 2.4996 2.5429 2.7232 2.7629 2.7904 2.7261 2.8315 2.7432 2.6000 2.8083 2.7785 2.6165 2.7213 2.7961 2.7169 2.8978 2.8082 2.8310 2.6487
1.9401 1.9590 1.9814 2.0006 2.0428 2.0754 2.1436 2.1631 2.1449 2.2144 2.2624 2.3819 2.3350 2.2996 2.4523 2.4611 2.4632 2.6256 2.4759 2.5232 2.4829 2.4724 2.4135 2.5201 2.5204 2.5626 2.4878 2.4538 2.6262 2.6027 2.4934 2.5836 2.5942 2.6094 2.6139 2.5995 2.6502 2.6267 2.8579 2.8688 2.1816 2.6686 2.5245 2.7507 2.7733 2.7387 2.7538 2.7078 2.5409 2.7270 2.8627 2.7732 2.6878 2.6849 2.8473 2.7591 2.7707 2.8820 2.8651 2.8131
1.8983 1.9274 1.9822 1.9952 2.0874 2.0808 2.1598 2.1084 2.2798 2.2599 2.4059 2.2561 2.1782 2.3613 2.5006 2.4771 2.5428 2.4712 2.5837 2.4922 2.5111 2.6139 2.4595 2.8289 2.5451 2.7405 2.5601 2.4426 2.5861 2.7275 2.7276 2.5940 2.5816 2.6694 2.6451 2.6699 2.8047 2.6888 2.7846 2.4070 2.5217 2.2583 2.1924 2.6663 2.6921 2.8097 2.8035 2.6762 2.4973 2.6960 2.7537 2.7730 2.7537 2.8370 2.8830 2.8905 2.6998 2.6906 2.8303 2.8426
1.8360 1.9518 1.9591 1.9923 2.0615 2.0759 2.0855 2.1165 2.1891 2.2612 2.2720 2.2697 2.2609 2.3909 2.4885 2.3797 2.4028 2.5119 2.5439 2.5407 2.2530 2.5167 2.5314 2.5440 2.7283 2.5577 2.6337 2.5533 2.6047 2.5678 2.6657 2.6664 2.5895 2.6904 2.6694 2.7383 2.7745 2.7034 2.6903 2.7372 2.7955 2.8241 2.2208 2.1734 2.5479 2.5482 2.4786 2.5870 2.3982 2.6846 2.6706 2.9433 2.7457 2.7932 2.8663 2.8013 2.8277 2.7765 2.6858 2.7924
1.8949 2.0145 1.9779 1.9939 2.0317 2.0469 2.1554 2.1632 2.2379 2.2565 2.3028 2.2677 2.0927 2.4287 2.5505 2.4790 2.4552 2.5403 2.5268 2.3954 2.3801 2.3537 2.5189 2.5779 2.4821 2.6810 2.6790 2.5810 2.5873 2.4720 2.8774 2.6912 2.6972 2.6629 2.6888 2.6960 2.7578 2.7857 2.8175 2.7657 2.7846 2.7911 2.8681 2.4768 2.1106 2.0410 2.7349 2.6401 2.7693 2.7281 2.7406 2.7767 2.6624 2.3908 2.8070 2.8373 2.7962 2.8307 2.7844 2.8046
1.8515 1.9275 1.9619 1.9723 2.0160 1.9295 2.1526 2.1492 2.1479 2.1775 2.2676 2.3066 2.4216 2.4350 2.4409 2.5319 2.6522 2.4705 2.4557 2.4514 2.4074 2.4342 2.3662 2.6137 2.5535 2.6171 2.6042 2.6543 2.6426 2.6326 2.5973 2.6492 2.6912 2.7006 2.7015 2.6876 2.7400 2.9281 2.7296 2.7686 2.8053 2.7305 2.7628 2.7366 1.9873 2.5267 2.7311 2.6677 2.6927 3.0196 2.7288 2.6139 2.6434 2.9941 2.8128 2.8094 2.8146 2.8107 2.7970 2.7681
1.8764 1.9383 1.9927 1.9800 2.0107 1.9436 2.0921 2.1720 2.0158 2.1143 2.2435 2.2609 2.1644 2.4771 2.4551 2.3013 2.5199 2.7494 2.4343 2.7204 2.3793 2.4177 2.2201 2.5378 2.5104 2.6304 2.5150 2.5895 2.6645 2.4824 2.5476 2.6294 2.7413 2.6858 2.6775 2.5462 2.7411 2.6934 2.7826 2.7746 2.6892 2.6789 2.7763 2.9521 2.4492 2.3201 2.8388 2.6232 2.6467 2.1659 2.1442 2.4600 2.5959 2.9159 2.6254 2.7491 2.8324 2.7594 2.6760 2.6944
1.8758 1.9225 1.9728 1.9638 2.0258 2.0554 2.0960 2.1693 2.1757 2.1853 2.2327 2.2813 2.2884 2.3325 2.4483 2.4597 2.4807 2.4629 2.4481 2.3929 2.3908 2.5574 2.3371 2.5573 2.5927 2.4779 2.4541 2.4950 2.6166 2.4225 2.5753 2.5625 2.6030 2.7379 2.7120 2.6685 2.6528 2.6375 2.7821 2.7156 2.5241 2.6884 2.8010 3.0662 2.7120 2.0149 2.4456 2.6565 2.6959 1.8709 2.4881 2.7654 2.6852 2.8948 2.8321 2.7420 2.7404 2.7328 2.7944 2.6934
1.8917 1.8578 1.6188 1.9523 1.9773 2.0029 2.0904 2.1170 2.1697 2.1839 2.2034 2.1305 2.2862 2.2368 2.4185 2.3864 2.3768 2.4028 2.4039 2.4678 2.3884 2.4880 2.4579 2.4131 2.4881 2.5860 2.7299 2.5611 2.6359 2.5810 2.5678 2.5437 2.6463 2.7217 2.7019 2.6429 2.5682 2.6390 2.6856 2.8787 2.8333 2.7424 2.8084 2.7792 2.9480 2.7738 2.3084 2.4350 2.3786 2.2386 2.7466 2.5334 2.7094 2.7795 2.8666 2.7533 2.7556 2.6539 2.6450 2.6882
1.8302 1.8728 1.7657 1.9042 1.9744 2.0220 2.0704 2.1176 2.1211 2.1456 2.2099 2.3459 2.2507 2.2502 2.3753 2.3422 2.3854 2.4065 2.4349 2.4394 2.4607 2.3289 2.4410 2.4169 2.3955 1.9922 2.5601 2.5953 2.6003 2.5987 2.5866 2.5795 2.6192 2.6540 2.6885 2.6556 2.6433 2.7682 2.6702 2.7332 2.8267 2.8019 2.5917 2.7676 2.7433 2.4003 2.2996 2.1506 2.2247 2.4189 2.6746 2.7315 2.4531 2.6610 2.7809 2.7946 2.6996 2.7396 2.6928 2.7128
1.7234 1.7931 1.8651 1.8972 1.9796 1.7988 2.0901 2.1015 2.1473 2.1783 2.2131 2.2811 2.2035 2.2481 2.3374 2.3912 2.3781 2.4418 2.4618 2.3942 2.4633 2.5358 2.4645 2.4448 2.5997 2.5892 2.5584 2.5928 2.5202 2.5707 2.4689 2.5873 2.5715 2.6564 2.6143 2.6477 2.6770 2.7403 2.7272 2.7073 2.7779 2.7792 2.8780 2.6821 2.8208 3.0669 2.7304 2.0457 2.9169 2.5169 2.6713 2.7311 2.7574 2.6671 2.8346 2.6077 2.7283 2.6409 2.7025 2.5862
1.7621 1.8722 1.6704 1.8759 1.8440 1.9991 2.0601 2.1022 2.1331 2.1720 2.1922 2.2506 2.1725 2.2575 2.3157 2.3610 2.1657 2.4226 2.4281 2.4449 2.4810 2.4617 2.6568 2.5556 2.4889 2.4293 2.6200 2.5581 2.5314 2.6387 2.5760 2.5621 2.5868 2.6679 2.6343 2.6858 2.6294 2.6928 2.7489 2.7098 2.6908 2.7523 2.9743 2.3870 2.5780 2.4352 2.1721 2.2950 2.5176 2.6781 2.3466 2.7207 2.7081 2.9446 2.7514 2.8150 2.6668 2.7346 2.6577 2.6199
1.6026 1.8200 1.8686 1.9000 1.9251 1.9824 1.9983 2.1050 2.1433 2.1347 2.1536 2.2137 2.1815 2.1382 2.3158 2.2983 2.3842 2.3665 2.3664 2.5570 2.5240 2.4973 2.5477 2.5187 2.4882 2.4202 2.5061 2.5999 2.3759 2.6376 2.6937 2.6585 2.6899 2.6144 2.8035 2.6245 2.6729 2.7883 2.8189 2.7456 2.6831 2.7848 2.5984 2.7900 2.2527 2.5508 2.0091 2.6445 2.4208 2.7163 2.8248 2.9361 2.7476 2.6898 2.8628 2.8448 2.6934 2.7850 2.6621 2.6086
