tests/files/spatial_manager/layers/compound/US/US0101201609.asc
ncols	60
nrows	60
xllcorner	390242.99999940
yllcorner	3870256.0000075
cellsize	500.00000000000
NODATA_value	-9999.000000
[rows 0 to 38 of 60, columns 0 to 59 of 60]
3.4088 3.2787 3.3209 3.2636 3.4038 3.2736 3.3614 3.1396 3.6439 3.5925 3.3913 3.4477 3.4269 3.4427 3.3500 3.4030 3.4147 3.3926 3.3961 3.4370 3.4443 3.4015 3.4242 3.4046 3.3220 3.3768 3.4647 3.3464 3.2954 3.2949 3.2855 3.2836 3.3168 3.2407 3.1826 3.1946 3.1736 3.1049 3.1466 3.1331 -9999 -9999 -9999 -9999 -9999 -9999 -9999 -9999 -9999 -9999 -9999 -9999 -9999 -9999 -9999 -9999 -9999 -9999 -9999 -9999
3.2588 3.2336 3.2544 3.4015 3.3801 3.1978 3.1827 3.4181 3.3147 3.4152 3.3698 3.6866 3.3605 3.2817 3.6558 3.3576 3.4063 3.3949 3.3803 3.2641 3.4911 3.4707 3.3953 3.3594 3.3186 3.2621 3.3409 3.3734 3.2712 3.2357 3.2740 3.2501 3.2448 3.2461 3.2544 3.2127 3.2120 3.1588 3.1197 3.1131 -9999 -9999 -9999 -9999 -9999 -9999 -9999 -9999 -9999 -9999 -9999 -9999 -9999 -9999 -9999 -9999 -9999 -9999 -9999 -9999
3.2386 3.2950 3.3740 3.3390 3.3517 3.2941 2.9389 3.2747 3.3487 3.3846 3.4404 3.3963 3.4413 3.3045 3.3959 3.3577 3.3008 3.3894 3.3310 3.4061 3.2970 3.4813 3.4122 3.3105 3.2901 3.2389 3.3858 3.2815 3.2538 3.2355 3.1760 3.2275 3.2205 3.1916 3.2124 3.1637 3.2191 3.1548 3.0586 3.0798 -9999 -9999 -9999 -9999 -9999 -9999 -9999 -9999 -9999 -9999 -9999 -9999 -9999 -9999 -9999 -9999 -9999 -9999 -9999 -9999
3.4771 3.3588 3.2065 3.4908 3.3876 3.2860 3.2630 3.2757 3.2933 3.3531 3.4193 3.4494 3.4376 3.3790 3.4697 3.3082 3.3755 3.3339 3.2151 3.3488 3.4813 3.5639 3.3632 3.2341 3.2607 3.2353 3.2160 3.2529 3.2260 3.1630 3.2328 3.1746 3.1523 3.1656 3.1141 3.2146 3.1893 3.1599 3.1138 3.1310 -9999 -9999 -9999 -9999 -9999 -9999 -9999 -9999 -9999 -9999 -9999 -9999 -9999 -9999 -9999 -9999 -9999 -9999 -9999 -9999
3.3405 3.5573 3.1075 3.3314 3.3534 3.3304 3.2717 3.1965 3.2180 3.5537 3.3921 3.3547 3.3200 3.3759 3.3644 3.4442 3.3417 3.3318 3.2964 3.1998 3.1837 3.4665 3.3432 3.3101 3.2766 3.2202 3.2067 3.2171 3.2207 3.2104 3.1695 3.1863 3.1095 3.1635 3.1403 3.0621 3.2670 3.1045 3.0153 2.9657 -9999 -9999 -9999 -9999 -9999 -9999 -9999 -9999 -9999 -9999 -9999 -9999 -9999 -9999 -9999 -9999 -9999 -9999 -9999 -9999
3.8164 3.5380 3.6429 3.5878 3.5200 3.4592 3.3193 3.2207 3.3034 3.2899 3.3488 3.3683 3.3730 3.3174 3.2813 3.3214 3.3463 3.2960 3.2724 3.2966 3.3206 3.3716 3.3011 3.2640 3.2703 3.1761 3.2124 3.1872 3.2610 3.1616 3.2172 3.1439 3.0698 3.1131 3.0654 3.1152 3.1114 3.0461 3.0613 3.0370 -9999 -9999 -9999 -9999 -9999 -9999 -9999 -9999 -9999 -9999 -9999 -9999 -9999 -9999 -9999 -9999 -9999 -9999 -9999 -9999
4.1529 3.9733 3.7347 3.3847 3.5564 3.3441 3.2730 3.2622 3.4155 3.3163 3.3536 3.3490 3.3370 3.3707 3.3412 3.4177 3.2828 3.2951 3.3126 3.3060 3.3419 3.3384 3.4920 3.3518 3.2613 3.2036 3.1818 3.1009 3.1379 3.1609 3.1166 3.1001 3.1447 3.0948 3.1279 3.0555 3.0599 2.9998 3.0208 3.0022 -9999 -9999 -9999 -9999 -9999 -9999 -9999 -9999 -9999 -9999 -9999 -9999 -9999 -9999 -9999 -9999 -9999 -9999 -9999 -9999
3.7840 3.8983 3.7213 3.6142 3.4012 3.3871 3.2787 3.1297 3.4200 3.4007 3.2903 3.3756 3.3146 3.3505 3.3333 3.2627 3.2497 3.2817 3.3190 3.2620 3.2415 3.2719 3.4316 3.3573 3.3255 3.1833 3.1664 3.1483 3.1103 3.1390 3.0932 3.0968 3.1001 3.0733 3.0325 3.0815 2.9574 3.0998 2.9530 2.9449 -9999 -9999 -9999 -9999 -9999 -9999 -9999 -9999 -9999 -9999 -9999 -9999 -9999 -9999 -9999 -9999 -9999 -9999 -9999 -9999
3.5147 4.1258 3.5720 3.5501 3.3931 3.3258 3.2426 3.2110 3.2355 3.3255 3.3229 3.3457 3.4629 3.4030 3.2861 3.2733 3.2659 3.2457 3.2226 3.2075 3.2382 3.2354 3.2574 3.2592 3.3829 3.2304 3.2339 3.1551 3.1288 3.1244 3.0488 3.0623 3.0820 3.0510 3.0474 2.9766 2.9489 2.9521 2.9566 2.9290 -9999 -9999 -9999 -9999 -9999 -9999 -9999 -9999 -9999 -9999 -9999 -9999 -9999 -9999 -9999 -9999 -9999 -9999 -9999 -9999
4.0033 3.4099 3.7845 3.4235 3.3870 3.4413 3.2303 3.2463 3.2656 3.0392 3.2959 3.3466 3.3244 3.4357 3.4690 3.3297 3.2660 3.1892 3.2333 3.2007 3.2048 3.2645 3.1257 3.2272 3.2651 3.2113 3.1430 3.1560 3.0991 3.1714 3.0531 3.0373 3.0420 3.0631 3.0558 3.1216 2.9143 2.9246 2.9118 2.8735 -9999 -9999 -9999 -9999 -9999 -9999 -9999 -9999 -9999 -9999 -9999 -9999 -9999 -9999 -9999 -9999 -9999 -9999 -9999 -9999
3.2231 3.3095 3.4770 3.2744 3.2962 3.2800 3.2420 3.2918 3.2866 3.2257 3.2942 3.3096 3.4222 3.1705 3.4585 3.5155 3.2840 3.2227 3.1642 3.1732 3.1725 3.0147 3.1592 3.2380 3.2169 3.1900 3.1521 3.1196 3.0807 3.1141 2.9426 2.9826 2.9965 3.0217 2.9342 2.9963 2.9172 2.8878 2.8806 2.8693 -9999 -9999 -9999 -9999 -9999 -9999 -9999 -9999 -9999 -9999 -9999 -9999 -9999 -9999 -9999 -9999 -9999 -9999 -9999 -9999
3.2971 3.5239 3.3351 3.3978 3.2618 3.1927 3.2072 3.0955 3.3688 3.2924 3.2783 3.3216 3.2561 3.2193 3.3323 3.3160 3.3243 3.2208 3.2143 3.1761 3.1772 3.1740 3.1772 3.1129 3.1892 3.1576 3.1831 3.1202 3.1164 3.0865 2.9929 2.9417 2.9557 3.0265 2.8658 2.9857 2.8850 2.9174 2.8530 2.8319 -9999 -9999 -9999 -9999 -9999 -9999 -9999 -9999 -9999 -9999 -9999 -9999 -9999 -9999 -9999 -9999 -9999 -9999 -9999 -9999
3.3121 3.1412 3.2952 3.2983 3.2148 3.2475 3.1310 3.1388 3.1991 3.3350 3.2466 3.3440 3.2313 3.2375 3.3204 3.3304 3.3266 3.2943 3.3005 3.2066 3.1987 3.2161 3.0519 3.0934 3.0832 3.1493 3.0896 3.0655 3.1115 2.9834 2.9407 2.9135 3.0270 2.9494 2.8459 2.9983 2.9193 2.8576 2.8426 2.8131 -9999 -9999 -9999 -9999 -9999 -9999 -9999 -9999 -9999 -9999 -9999 -9999 -9999 -9999 -9999 -9999 -9999 -9999 -9999 -9999
3.0880 3.1152 3.2786 3.4596 3.2516 3.1569 3.0529 3.1831 3.1129 3.2252 3.2892 3.2002 3.2749 3.2309 3.2122 3.2861 3.3174 3.2510 3.2685 3.2878 3.2036 3.2009 3.1298 3.1277 3.0286 3.0578 3.0666 3.0448 2.9498 2.9304 2.9285 2.9140 2.9382 2.9071 2.9128 2.9120 2.8837 2.8548 2.8044 2.8056 -9999 -9999 -9999 -9999 -9999 -9999 -9999 -9999 -9999 -9999 -9999 -9999 -9999 -9999 -9999 -9999 -9999 -9999 -9999 -9999
3.0630 3.0214 3.0439 3.1406 2.9522 3.1991 3.0469 3.0233 3.0707 3.1762 3.1832 3.1907 3.2053 3.1388 3.2859 3.2687 3.1698 3.2594 3.2489 3.2480 3.1988 3.2078 3.1846 3.1589 3.0504 3.1217 2.9883 2.9369 2.9153 2.8989 2.8821 2.8800 2.9008 2.8695 2.9424 2.8817 2.8916 2.8517 2.7786 2.7931 -9999 -9999 -9999 -9999 -9999 -9999 -9999 -9999 -9999 -9999 -9999 -9999 -9999 -9999 -9999 -9999 -9999 -9999 -9999 -9999
3.1572 3.0973 3.0462 3.1478 3.1247 3.1739 3.0333 3.0949 3.1815 3.0883 3.2199 3.2352 3.2069 3.1726 3.2141 3.1862 3.1878 3.2396 3.2252 3.2625 3.0844 3.0711 3.0704 3.0656 3.0679 2.9947 2.9865 2.9475 2.8489 2.8774 2.8593 2.8133 2.8697 2.8654 2.8067 2.7974 3.0648 2.9373 2.7703 2.7702 -9999 -9999 -9999 -9999 -9999 -9999 -9999 -9999 -9999 -9999 -9999 -9999 -9999 -9999 -9999 -9999 -9999 -9999 -9999 -9999
3.0087 3.0330 3.2388 3.2659 3.4588 3.2159 3.1134 3.2066 3.1352 3.1130 3.1823 3.1814 3.2104 3.1722 3.1303 3.1359 3.1614 3.1587 3.1627 3.1625 3.0022 3.0343 3.0516 3.1756 2.9892 3.2125 2.8849 2.9409 2.8654 2.8454 2.8658 2.8240 2.8329 2.8315 2.8119 2.8138 2.9569 2.8748 2.7437 2.7591 -9999 -9999 -9999 -9999 -9999 -9999 -9999 -9999 -9999 -9999 -9999 -9999 -9999 -9999 -9999 -9999 -9999 -9999 -9999 -9999
3.2283 2.9174 3.0885 2.9829 3.1497 3.3737 3.2100 3.0609 3.3256 3.3155 3.0647 3.1238 3.1646 3.1203 3.0237 3.1478 3.1549 3.2041 3.4323 3.2220 3.1072 3.0836 3.0627 2.9901 2.8935 3.0510 2.9742 2.8718 2.8686 2.8388 2.8484 2.8343 2.8125 2.8145 2.8326 2.7790 2.8947 2.7908 2.7357 2.7599 -9999 -9999 -9999 -9999 -9999 -9999 -9999 -9999 -9999 -9999 -9999 -9999 -9999 -9999 -9999 -9999 -9999 -9999 -9999 -9999
3.1240 3.1380 3.2586 3.0141 3.1302 3.1130 3.1950 3.1657 3.2033 3.0938 3.1497 3.1025 3.1408 3.1102 3.1116 3.0488 3.2610 3.2582 3.0906 3.1208 3.0830 3.0075 3.0389 2.9728 2.9709 2.8797 2.9719 2.8983 2.8541 2.8356 2.8397 2.8288 2.7653 2.7771 2.7868 2.8114 2.8259 2.8249 2.7348 2.7317 -9999 -9999 -9999 -9999 -9999 -9999 -9999 -9999 -9999 -9999 -9999 -9999 -9999 -9999 -9999 -9999 -9999 -9999 -9999 -9999
3.1763 3.1462 3.3412 3.1700 3.1698 3.1672 3.1496 3.1933 3.1789 3.1467 3.1927 3.1499 3.1310 3.1158 3.1028 3.1332 3.0396 3.1068 2.9943 3.0345 2.9775 3.0256 3.0062 2.9662 3.1322 2.9032 2.9602 2.8623 2.8462 2.8170 2.8108 2.7758 2.9575 2.8014 2.7890 2.7973 2.7559 2.7652 2.7771 2.7227 -9999 -9999 -9999 -9999 -9999 -9999 -9999 -9999 -9999 -9999 -9999 -9999 -9999 -9999 -9999 -9999 -9999 -9999 -9999 -9999
3.0978 3.0243 3.1470 3.4105 3.2806 3.1023 3.2709 3.2664 3.2207 3.1535 2.9993 3.1826 3.1088 3.1267 3.0891 3.0743 3.1169 3.0864 3.0273 2.9923 3.0654 2.9507 2.9810 2.9273 2.8928 2.8238 2.6023 2.7344 2.8432 2.7925 2.7715 2.7480 2.7524 2.7134 2.7475 2.7476 2.7368 2.7129 2.7193 2.7070 2.6726 2.6700 2.6424 2.6564 2.6444 2.6626 2.6724 2.6563 2.6574 2.6513 2.6789 2.7481 2.6205 2.6170 -9999 -9999 -9999 -9999 2.7195 2.8595
2.9576 3.0810 3.2276 2.9031 3.4743 3.1685 3.0755 3.4467 3.2471 3.1973 3.1700 3.1448 3.1126 3.0854 3.0896 3.0829 3.0334 3.1093 2.9906 3.0210 2.9872 3.0237 2.9674 2.9820 2.8633 2.8068 2.8086 2.7432 2.7398 2.6916 2.7450 2.7499 2.7322 2.5519 2.6768 2.7271 2.6920 2.6982 2.7134 2.6742 2.6445 2.6292 2.6413 2.6385 2.5952 2.6713 2.6507 2.6232 2.6465 2.6158 2.6353 2.6460 2.6465 2.6732 2.6530 2.9064 2.6043 2.6812 2.5899 2.8681
3.1073 3.0528 3.0291 2.9613 3.0658 3.0789 3.2024 3.1789 3.5309 3.3366 3.2101 3.3660 3.2685 3.3242 3.0756 3.0176 2.9016 3.0382 2.9991 2.9547 2.9911 2.9357 2.8855 2.8695 2.8462 2.8246 2.7905 2.7552 2.7291 2.7138 2.6688 2.7270 2.6741 2.6955 2.6927 2.7127 2.5988 2.6234 2.6243 2.6906 2.6747 2.7298 2.5535 2.5901 2.6030 2.6260 2.6301 2.6560 2.6446 2.6128 2.6373 2.6329 2.6110 2.5987 2.7011 2.9802 2.8823 2.7750 2.7645 2.8743
3.0822 3.0060 3.0463 3.0496 3.0687 3.2725 3.2097 3.1821 3.0926 3.3492 3.1208 3.1392 3.0739 3.4363 3.2384 3.0313 2.9542 2.9771 2.8896 2.9669 2.9551 2.7189 2.8493 2.7754 2.7368 2.7347 2.7396 2.7200 2.7087 2.6998 2.6977 2.6845 2.6915 2.5297 2.6130 2.2456 2.6612 2.2739 2.5284 2.6414 2.5694 2.6486 2.6470 2.6461 2.5944 2.6307 2.6486 2.6803 2.6781 2.6280 2.6153 2.6267 2.6756 2.6487 2.6568 2.7601 2.7695 2.8658 2.7942 2.8536
3.0516 2.9507 2.9799 3.0016 3.0556 3.0573 3.1945 3.1513 3.1757 3.0929 3.1602 3.1320 3.0944 3.0998 3.2549 3.0971 3.1730 2.9586 2.9245 2.9352 2.8806 2.9202 2.8076 2.7912 2.7705 2.7364 2.7306 2.7286 2.6726 2.6733 2.6659 2.6602 2.6629 2.6343 2.5631 2.6821 2.6375 2.0139 2.8524 2.5849 2.5880 2.5395 2.5802 2.7444 2.6597 2.6560 2.6437 2.6394 2.6182 2.6744 2.6493 2.6632 2.6749 2.6721 2.6839 2.7416 2.7639 2.6966 2.7360 2.7378
2.9973 2.8418 3.0587 2.9020 3.0769 3.0821 3.2559 3.1477 3.2018 3.1594 3.0606 3.1878 3.0943 3.1400 3.2204 3.1212 3.1486 2.9989 2.9358 2.9345 2.8544 2.7605 2.7282 2.9603 2.7406 2.7805 2.7231 2.5935 2.8751 2.6855 2.6363 2.6242 2.6598 2.6205 2.5813 2.5687 2.5374 2.7094 2.5135 2.1320 2.4116 2.5217 2.5749 2.6864 2.6819 2.6246 2.6001 2.6009 2.5856 2.6673 2.6322 2.6478 2.6677 2.6694 2.7032 2.6922 2.7612 2.9177 2.6897 2.8446
2.8343 2.9587 3.0099 2.8778 2.9474 3.0686 3.0280 3.0349 3.1457 3.1564 3.1439 3.0872 3.1111 3.1368 3.1404 3.2109 3.0394 3.0294 2.8640 2.8628 2.9314 2.8241 2.7052 2.8221 2.8003 2.8203 2.8046 2.6659 2.7380 2.6639 2.7280 2.6464 2.6025 2.5945 2.5346 2.5833 2.3932 2.5027 2.5875 2.3618 2.2683 2.3832 2.4153 2.5786 2.6105 2.6329 2.5708 2.6711 2.5909 2.4606 2.6655 2.6470 2.5039 2.6179 2.7061 2.6472 2.8443 2.7785 2.8251 2.6672
2.9963 2.9746 2.9593 2.9401 2.9551 2.9563 3.0076 2.9903 2.9224 2.9742 2.9961 3.1108 3.0080 2.9223 3.0746 3.0447 3.0070 3.1633 2.9442 2.9617 2.8770 2.8284 2.7263 2.8113 2.7771 2.7896 2.6761 2.6089 2.7607 2.7059 2.5647 2.6304 2.6154 2.6063 2.5879 2.5525 2.5825 2.5417 2.7481 2.7431 2.0759 2.5289 2.3845 2.5916 2.6087 2.5741 2.5885 2.5475 2.3948 2.5769 2.7145 2.6410 2.5727 2.5850 2.7593 2.6932 2.7259 2.8595 2.8684 2.8431
2.9456 2.9384 2.9701 2.9397 3.0251 2.9671 3.0313 2.9133 3.1023 3.0294 3.1777 2.9366 2.7945 2.9865 3.1183 3.0461 3.0840 2.9564 3.0492 2.9019 2.8853 2.9643 2.7533 3.1266 2.7779 2.9547 2.7272 2.5718 2.6922 2.8084 2.7791 2.6164 2.5790 2.6426 2.5963 2.6000 2.7116 2.5825 2.6588 2.2865 2.3850 2.1283 2.0605 2.5011 2.5227 2.6323 2.6282 2.5127 2.3503 2.5455 2.6105 2.6417 2.6381 2.7353 2.7994 2.8286 2.6641 2.6788 2.8446 2.8853
2.8616 2.9867 2.9444 2.9421 2.9920 2.9623 2.9270 2.9223 2.9745 3.0243 2.9920 2.9434 2.8880 3.0088 3.0858 2.9083 2.8946 2.9834 2.9792 2.9346 2.5670 2.8291 2.8083 2.7859 2.9500 2.7315 2.7789 2.6628 2.6859 2.6192 2.6909 2.6651 2.5641 2.6407 2.5988 2.6458 2.6624 2.5783 2.5521 2.5845 2.6295 2.6484 2.0781 2.0310 2.3799 2.3812 2.3190 2.4257 2.2554 2.5344 2.5329 2.8069 2.6347 2.6989 2.7907 2.7500 2.8006 2.7757 2.7117 2.8485
2.9661 3.0936 2.9811 2.9504 2.9526 2.9225 3.0244 2.9838 3.0355 3.0106 3.0227 2.9294 2.6610 3.0406 3.1444 3.0103 2.9373 2.9948 2.9361 2.7441 2.6887 2.6226 2.7692 2.7970 2.6588 2.8364 2.8002 2.6665 2.6433 2.4985 2.8787 2.6665 2.6482 2.5925 2.5973 2.5858 2.6282 2.6398 2.6568 2.5973 2.6065 2.6062 2.6739 2.3074 1.9665 1.9036 2.5556 2.4739 2.6043 2.5770 2.6024 2.6527 2.5608 2.3168 2.7423 2.7963 2.7816 2.8437 2.8260 2.8771
2.9098 2.9698 2.9645 2.9237 2.9328 2.7555 3.0189 2.9608 2.9075 2.8971 2.9663 2.9673 3.0645 3.0320 2.9913 3.0544 3.1507 2.8907 2.8310 2.7850 2.6962 2.6885 2.5780 2.8100 2.7101 2.7431 2.6969 2.7172 2.6754 2.6373 2.5760 2.6029 2.6211 2.6090 2.5906 2.5601 2.5946 2.7584 2.5602 2.5875 2.6147 2.5404 2.5679 2.5433 1.8484 2.3539 2.5508 2.5001 2.5342 2.8562 2.5964 2.5035 2.5504 2.9120 2.7595 2.7818 2.8144 2.8394 2.8559 2.8577
2.9601 2.9956 3.0180 2.9395 2.9272 2.7757 2.9316 2.9876 2.7225 2.8046 2.9239 2.8957 2.7251 3.0670 2.9900 2.7577 2.9720 3.1926 2.7840 3.0650 2.6420 2.6469 2.3972 2.7038 2.6402 2.7321 2.5811 2.6272 2.6740 2.4656 2.5058 2.5629 2.6496 2.5761 2.5502 2.4102 2.5805 2.5239 2.5975 2.5824 2.4977 2.4851 2.5745 2.7390 2.2757 2.1607 2.6521 2.4606 2.4947 2.0532 2.0458 2.3641 2.5144 2.8487 2.5885 2.7370 2.8489 2.8053 2.7508 2.8015
2.9698 2.9794 2.9938 2.9191 2.9508 2.9345 2.9341 2.9784 2.9309 2.8894 2.8982 2.9084 2.8662 2.8712 2.9628 2.9273 2.9044 2.8379 2.7772 2.6736 2.6321 2.7754 2.5012 2.7003 2.7025 2.5509 2.4965 2.5096 2.6039 2.3865 2.5133 2.4790 2.4981 2.6084 2.5670 2.5114 2.4845 2.4600 2.5866 2.5189 2.3378 2.4885 2.5935 2.8424 2.5193 1.8773 2.2874 2.4962 2.5473 1.7789 2.3825 2.6687 2.6133 2.8431 2.8085 2.7470 2.7749 2.7981 2.8941 2.8225
3.0048 2.8865 2.4611 2.9050 2.8807 2.8579 2.9224 2.9006 2.9146 2.8773 2.8483 2.7030 2.8480 2.7368 2.9077 2.8203 2.7622 2.7472 2.7051 2.7344 2.6070 2.6767 2.6075 2.5257 2.5708 2.6392 2.7535 2.5548 2.6020 2.5230 2.4874 2.4436 2.5229 2.5772 2.5431 2.4747 2.3943 2.4518 2.4886 2.6629 2.6188 2.5350 2.5985 2.5763 2.7403 2.5878 2.1634 2.2942 2.2548 2.1369 2.6419 2.4572 2.6518 2.7467 2.8616 2.7780 2.8114 2.7389 2.7621 2.8414
2.9160 2.9165 2.6884 2.8355 2.8764 2.8828 2.8900 2.8948 2.8408 2.8163 2.8441 2.9613 2.7880 2.7363 2.8367 2.7484 2.7515 2.7300 2.7179 2.6805 2.6633 2.4842 2.5674 2.5081 2.4542 2.0162 2.5612 2.5684 2.5472 2.5218 2.4883 2.4618 2.4820 2.4992 2.5179 2.4756 2.4550 2.5636 2.4680 2.5235 2.6095 2.5886 2.3984 2.5678 2.5539 2.2443 2.1613 2.0334 2.1178 2.3201 2.5866 2.6653 2.4167 2.6482 2.7971 2.8422 2.7774 2.8522 2.8377 2.8945
2.7534 2.7980 2.8433 2.8264 2.8831 2.5619 2.9120 2.8654 2.8665 2.8479 2.8351 2.8645 2.7137 2.7165 2.7727 2.7859 2.7225 2.7484 2.7258 2.6093 2.6440 2.6822 2.5705 2.5160 2.6416 2.5994 2.5397 2.5466 2.4511 2.4776 2.3599 2.4548 2.4236 2.4893 2.4379 2.4591 2.4786 2.5316 2.5163 2.4971 2.5635 2.5685 2.6661 2.4928 2.6326 2.8766 2.5760 1.9429 2.7911 2.4280 2.5998 2.6834 2.7367 2.6754 2.8752 2.6758 2.8330 2.7760 2.8764 2.7876
2.8224 2.9266 2.5491 2.7954 2.6841 2.8434 2.8643 2.8583 2.8375 2.8278 2.7949 2.8110 2.6597 2.7105 2.7282 2.7308 2.4607 2.7056 2.6670 2.6430 2.6412 2.5825 2.7485 2.6089 2.5092 2.4203 2.5816 2.4949 2.4455 2.5273 2.4481 2.4180 2.4265 2.4897 2.4478 2.4873 2.4290 2.4839 2.5341 2.4989 2.4846 2.5469 2.7609 2.2246 2.4143 2.2936 2.0592 2.1917 2.4238 2.6010 2.3006 2.6944 2.7105 2.9801 2.8169 2.9167 2.7973 2.9047 2.8593 2.8553
2.5727 2.8493 2.8534 2.8311 2.7998 2.8151 2.7720 2.8535 2.8404 2.7672 2.7319 2.7497 2.6546 2.5505 2.7095 2.6390 2.6885 2.6225 2.5788 2.7420 2.6655 2.5990 2.6148 2.5515 2.4896 2.3938 2.4524 2.5190 2.2813 2.5120 2.5467 2.4974 2.5131 2.4315 2.5979 2.4255 2.4658 2.5702 2.5987 2.5339 2.4812 2.5828 2.4191 2.6098 2.1190 2.4149 1.9159 2.5420 2.3473 2.6586 2.7926 2.9335 2.7759 2.7492 2.9613 2.9791 2.8564 2.9918 2.8973 2.8767
