tests/files/spatial_manager/layers/compound/US/US0101201604.asc
ncols	60
nrows	60
xllcorner	390242.99999940
yllcorner	3870256.0000075
cellsize	500.00000000000
NODATA_value	-9999.000000
[rows 0 to 38 of 60, columns 0 to 59 of 60]
4.7676 4.5655 4.6026 4.5009 4.6699 4.4670 4.5611 4.2355 4.8864 4.7879 4.4915 4.5371 4.4805 4.4717 4.3226 4.3618 4.3477 4.2909 4.2669 4.2898 4.2708 4.1904 4.1913 4.1411 4.0155 4.0567 4.1374 3.9725 3.8893 3.8666 3.8340 3.8109 3.8288 3.7211 3.6354 3.6303 3.5881 3.4927 3.5219 3.4892 -9999 -9999 -9999 -9999 -9999 -9999 -9999 -9999 -9999 -9999 -9999 -9999 -9999 -9999 -9999 -9999 -9999 -9999 -9999 -9999
4.5468 4.4919 4.4999 4.6804 4.6271 4.3543 4.3096 4.6018 4.4363 4.5430 4.4550 4.8431 4.3866 4.2560 4.7103 4.2978 4.3315 4.2888 4.2426 4.0702 4.3253 4.2727 4.1536 4.0842 4.0101 3.9182 3.9892 4.0047 3.8615 3.7983 3.8224 3.7741 3.7482 3.7303 3.7209 3.6546 3.6356 3.5577 3.4963 3.4717 -9999 -9999 -9999 -9999 -9999 -9999 -9999 -9999 -9999 -9999 -9999 -9999 -9999 -9999 -9999 -9999 -9999 -9999 -9999 -9999
4.5076 4.5663 4.6545 4.5840 4.5782 4.4759 3.9714 4.4000 4.4733 4.4942 4.5403 4.4543 4.4848 4.2792 4.3693 4.2923 4.1924 4.2773 4.1766 4.2435 4.0817 4.2830 4.1722 4.0232 3.9746 3.8898 4.0428 3.8962 3.8420 3.7996 3.7099 3.7504 3.7230 3.6710 3.6765 3.6029 3.6481 3.5578 3.4325 3.4395 -9999 -9999 -9999 -9999 -9999 -9999 -9999 -9999 -9999 -9999 -9999 -9999 -9999 -9999 -9999 -9999 -9999 -9999 -9999 -9999
4.8278 4.6438 4.4133 4.7817 4.6173 4.4554 4.4003 4.3928 4.3911 4.4444 4.5049 4.5166 4.4733 4.3693 4.4584 4.2239 4.2824 4.2029 4.0276 4.1690 4.3070 4.3823 4.1106 3.9294 3.9386 3.8855 3.8406 3.8632 3.8105 3.7164 3.7786 3.6917 3.6474 3.6446 3.5678 3.6652 3.6189 3.5684 3.4995 3.5020 -9999 -9999 -9999 -9999 -9999 -9999 -9999 -9999 -9999 -9999 -9999 -9999 -9999 -9999 -9999 -9999 -9999 -9999 -9999 -9999
4.6270 4.9067 4.2673 4.5534 4.5609 4.5064 4.4034 4.2784 4.2828 4.7020 4.4616 4.3857 4.3139 4.3594 4.3175 4.3924 4.2351 4.1964 4.1260 3.9807 3.9367 4.2606 4.0848 4.0209 3.9575 3.8676 3.8303 3.8220 3.8061 3.7743 3.7074 3.7084 3.6013 3.6461 3.6021 3.4957 3.7121 3.5109 3.3940 3.3223 -9999 -9999 -9999 -9999 -9999 -9999 -9999 -9999 -9999 -9999 -9999 -9999 -9999 -9999 -9999 -9999 -9999 -9999 -9999 -9999
5.2737 4.8689 4.9913 4.8932 4.7775 4.6711 4.4587 4.3028 4.3886 4.3457 4.3976 4.3968 4.3765 4.2782 4.2058 4.2312 4.2368 4.1476 4.0930 4.0985 4.1039 4.1425 4.0324 3.9645 3.9500 3.8153 3.8382 3.7881 3.8560 3.7195 3.7663 3.6625 3.5591 3.5923 3.5207 3.5613 3.5404 3.4501 3.4512 3.4077 -9999 -9999 -9999 -9999 -9999 -9999 -9999 -9999 -9999 -9999 -9999 -9999 -9999 -9999 -9999 -9999 -9999 -9999 -9999 -9999
5.7252 5.4555 5.1058 4.6063 4.8169 4.5067 4.3881 4.3502 4.5295 4.3733 4.3970 4.3653 4.3239 4.3416 4.2777 4.3494 4.1526 4.1433 4.1405 4.1080 4.1285 4.1006 4.2650 4.0711 3.9396 3.8493 3.8032 3.6875 3.7128 3.7217 3.6518 3.6152 3.6500 3.5755 3.5973 3.4979 3.4871 3.4030 3.4110 3.3743 -9999 -9999 -9999 -9999 -9999 -9999 -9999 -9999 -9999 -9999 -9999 -9999 -9999 -9999 -9999 -9999 -9999 -9999 -9999 -9999
5.2047 5.3404 5.0764 4.9083 4.5974 4.5558 4.3875 4.1662 4.5279 4.4774 4.3074 4.3938 4.2893 4.3104 4.2630 4.1482 4.1073 4.1235 4.1461 4.0515 4.0031 4.0181 4.1911 4.0782 4.0181 3.8263 3.7867 3.7462 3.6829 3.6991 3.6280 3.6154 3.6027 3.5554 3.4924 3.5329 3.3755 3.5222 3.3401 3.3155 -9999 -9999 -9999 -9999 -9999 -9999 -9999 -9999 -9999 -9999 -9999 -9999 -9999 -9999 -9999 -9999 -9999 -9999 -9999 -9999
4.8231 5.6396 4.8622 4.8112 4.5772 4.4647 4.3313 4.2669 4.2765 4.3715 4.3439 4.3490 4.4757 4.3730 4.1984 4.1579 4.1246 4.0757 4.0237 3.9824 3.9981 3.9729 3.9785 3.9597 4.0888 3.8846 3.8696 3.7570 3.7080 3.6854 3.5797 3.5794 3.5863 3.5344 3.5147 3.4180 3.3713 3.3600 3.3500 3.3035 -9999 -9999 -9999 -9999 -9999 -9999 -9999 -9999 -9999 -9999 -9999 -9999 -9999 -9999 -9999 -9999 -9999 -9999 -9999 -9999
5.4813 4.6508 5.1406 4.6302 4.5600 4.6112 4.3071 4.3065 4.3094 3.9892 4.3026 4.3445 4.2916 4.4104 4.4279 4.2261 4.1219 4.0025 4.0354 3.9728 3.9564 4.0087 3.8181 3.9219 3.9480 3.8638 3.7635 3.7611 3.6762 3.7449 3.5890 3.5547 3.5446 3.5537 3.5299 3.5903 3.3372 3.3344 3.3049 3.2467 -9999 -9999 -9999 -9999 -9999 -9999 -9999 -9999 -9999 -9999 -9999 -9999 -9999 -9999 -9999 -9999 -9999 -9999 -9999 -9999
4.4031 4.5041 4.7131 4.4196 4.4292 4.3870 4.3152 4.3597 4.3305 4.2279 4.2946 4.2914 4.4131 4.0659 4.4107 4.4587 4.1421 4.0426 3.9478 3.9378 3.9163 3.7022 3.8599 3.9364 3.8917 3.8407 3.7772 3.7211 3.6580 3.6813 3.4633 3.4953 3.4966 3.5110 3.3949 3.4519 3.3463 3.2982 3.2753 3.2477 -9999 -9999 -9999 -9999 -9999 -9999 -9999 -9999 -9999 -9999 -9999 -9999 -9999 -9999 -9999 -9999 -9999 -9999 -9999 -9999
4.4943 4.7856 4.5114 4.5771 4.3748 4.2626 4.2617 4.0931 4.4322 4.3094 4.2684 4.3019 4.1944 4.1247 4.2464 4.2029 4.1908 4.0386 4.0093 3.9410 3.9222 3.8985 3.8831 3.7861 3.8604 3.8044 3.8175 3.7254 3.7044 3.6530 3.5272 3.4522 3.4541 3.5220 3.3211 3.4455 3.3152 3.3379 3.2498 3.2112 -9999 -9999 -9999 -9999 -9999 -9999 -9999 -9999 -9999 -9999 -9999 -9999 -9999 -9999 -9999 -9999 -9999 -9999 -9999 -9999
4.5049 4.2570 4.4485 4.4346 4.3038 4.3281 4.1536 4.1440 4.2027 4.3593 4.2221 4.3262 4.1584 4.1445 4.2283 4.2186 4.1918 4.1296 4.1161 3.9787 3.9492 3.9512 3.7314 3.7643 3.7347 3.7974 3.7088 3.6640 3.7030 3.5355 3.4704 3.4241 3.5430 3.4379 3.3036 3.4660 3.3604 3.2753 3.2439 3.1957 -9999 -9999 -9999 -9999 -9999 -9999 -9999 -9999 -9999 -9999 -9999 -9999 -9999 -9999 -9999 -9999 -9999 -9999 -9999 -9999
4.1912 4.2131 4.4173 4.6426 4.3453 4.2003 4.0434 4.1961 4.0839 4.2104 4.2726 4.1358 4.2107 4.1328 4.0878 4.1605 4.1788 4.0744 4.0759 4.0798 3.9561 3.9339 3.8285 3.8085 3.6713 3.6904 3.6850 3.6434 3.5149 3.4775 3.4610 3.4299 3.4445 3.3942 3.3871 3.3722 3.3254 3.2780 3.2061 3.1929 -9999 -9999 -9999 -9999 -9999 -9999 -9999 -9999 -9999 -9999 -9999 -9999 -9999 -9999 -9999 -9999 -9999 -9999 -9999 -9999
4.1486 4.0780 4.0932 4.2067 3.9382 4.2494 4.0293 3.9797 4.0232 4.1414 4.1303 4.1196 4.1179 4.0122 4.1793 4.1367 3.9916 4.0844 4.0515 4.0309 3.9513 3.9441 3.8978 3.8492 3.7008 3.7711 3.5948 3.5184 3.4783 3.4449 3.4113 3.3952 3.4061 3.3560 3.4274 3.3429 3.3405 3.2804 3.1823 3.1844 -9999 -9999 -9999 -9999 -9999 -9999 -9999 -9999 -9999 -9999 -9999 -9999 -9999 -9999 -9999 -9999 -9999 -9999 -9999 -9999
4.2674 4.1722 4.0885 4.2088 4.1612 4.2091 4.0052 4.0684 4.1630 4.0222 4.1736 4.1733 4.1168 4.0529 4.0860 4.0308 4.0135 4.0593 4.0222 4.0499 3.8113 3.7779 3.7605 3.7384 3.7254 3.6215 3.5967 3.5355 3.4037 3.4242 3.3895 3.3219 3.3752 3.3569 3.2751 3.2509 3.5469 3.3849 3.1783 3.1637 -9999 -9999 -9999 -9999 -9999 -9999 -9999 -9999 -9999 -9999 -9999 -9999 -9999 -9999 -9999 -9999 -9999 -9999 -9999 -9999
4.0583 4.0776 4.3390 4.3590 4.5985 4.2581 4.1051 4.2096 4.0975 4.0499 4.1209 4.1005 4.1184 4.0502 3.9778 3.9662 3.9798 3.9580 3.9449 3.9270 3.7114 3.7349 3.7401 3.8759 3.6335 3.8891 3.4787 3.5323 3.4283 3.3913 3.4025 3.3400 3.3376 3.3230 3.2869 3.2758 3.4281 3.3187 3.1533 3.1564 -9999 -9999 -9999 -9999 -9999 -9999 -9999 -9999 -9999 -9999 -9999 -9999 -9999 -9999 -9999 -9999 -9999 -9999 -9999 -9999
4.3460 3.9148 4.1302 3.9745 4.1809 4.4604 4.2266 4.0132 4.3413 4.3090 3.9651 4.0232 4.0571 3.9819 3.8411 3.9805 3.9713 4.0153 4.2823 4.0024 3.8434 3.7981 3.7568 3.6528 3.5208 3.6980 3.5910 3.4540 3.4371 3.3886 3.3873 3.3578 3.3192 3.3087 3.3169 3.2410 3.3619 3.2273 3.1495 3.1626 -9999 -9999 -9999 -9999 -9999 -9999 -9999 -9999 -9999 -9999 -9999 -9999 -9999 -9999 -9999 -9999 -9999 -9999 -9999 -9999
4.1974 4.2030 4.3498 4.0094 4.1485 4.1097 4.2012 4.1455 4.1770 4.0170 4.0716 3.9930 4.0244 3.9674 3.9516 3.8548 4.1050 4.0839 3.8573 3.8785 3.8157 3.7071 3.7309 3.6353 3.6191 3.4946 3.5929 3.4908 3.4249 3.3901 3.3824 3.3569 3.2691 3.2704 3.2689 3.2844 3.2876 3.2722 3.1536 3.1353 -9999 -9999 -9999 -9999 -9999 -9999 -9999 -9999 -9999 -9999 -9999 -9999 -9999 -9999 -9999 -9999 -9999 -9999 -9999 -9999
4.2595 4.2063 4.4524 4.2099 4.1945 4.1754 4.1362 4.1767 4.1410 4.0820 4.1241 4.0514 4.0099 3.9733 3.9397 3.9614 3.8268 3.8951 3.7385 3.7733 3.6877 3.7324 3.6942 3.6311 3.8200 3.5275 3.5837 3.4525 3.4206 3.3731 3.3535 3.2995 3.5022 3.3047 3.2771 3.2735 3.2115 3.2082 3.2073 3.1296 -9999 -9999 -9999 -9999 -9999 -9999 -9999 -9999 -9999 -9999 -9999 -9999 -9999 -9999 -9999 -9999 -9999 -9999 -9999 -9999
4.1466 4.0361 4.1867 4.5221 4.3348 4.0844 4.2901 4.2677 4.1914 4.0873 3.8716 4.0913 3.9798 3.9862 3.9219 3.8871 3.9249 3.8708 3.7816 3.7231 3.7993 3.6432 3.6668 3.5875 3.5323 3.4356 3.1548 3.3031 3.4223 3.3492 3.3120 3.2718 3.2648 3.2062 3.2336 3.2206 3.1943 3.1524 3.1453 3.1160 3.0608 3.0416 2.9935 2.9919 2.9602 2.9615 2.9527 2.9146 2.8949 2.8667 2.8743 2.9252 2.7668 2.7402 -9999 -9999 -9999 -9999 2.7280 2.8439
3.9516 4.1047 4.2869 3.8435 4.5843 4.1661 4.0292 4.4985 4.2219 4.1409 4.0893 4.0407 3.9833 3.9328 3.9223 3.8984 3.8207 3.9010 3.7377 3.7613 3.7054 3.7369 3.6539 3.6587 3.5006 3.4195 3.4097 3.3187 3.3029 3.2334 3.2856 3.2795 3.2462 3.0203 3.1555 3.2015 3.1468 3.1400 3.1428 3.0823 3.0323 2.9986 2.9953 2.9744 2.9074 2.9732 2.9304 2.8795 2.8839 2.8289 2.8278 2.8165 2.7940 2.7986 2.7538 2.9910 2.6570 2.7118 2.5969 2.8512
4.1444 4.0603 4.0168 3.9148 4.0397 4.0433 4.1907 4.1449 4.5870 4.3182 4.1387 4.3231 4.1816 4.2366 3.9047 3.8164 3.6558 3.8135 3.7506 3.6815 3.7135 3.6317 3.5570 3.5250 3.4842 3.4460 3.3927 3.3381 3.2951 3.2651 3.1995 3.2573 3.1822 3.1952 3.1791 3.1893 3.0422 3.0571 3.0436 3.1048 3.0703 3.1162 2.8982 2.9219 2.9180 2.9242 2.9087 2.9163 2.8822 2.8257 2.8296 2.8020 2.7558 2.7196 2.8026 3.0655 2.9391 2.8051 2.7704 2.8557
4.1037 3.9915 4.0335 4.0258 4.0383 4.2923 4.1957 4.1452 4.0144 4.3317 4.0215 4.0303 3.9319 4.3792 4.1118 3.8346 3.7235 3.7388 3.6159 3.6997 3.6721 3.3669 3.5164 3.4136 3.3547 3.3409 3.3356 3.3004 3.2755 3.2533 3.2392 3.2116 3.2078 3.0032 3.0895 2.6439 3.1194 2.6531 2.9356 3.0512 2.9522 3.0260 3.0064 2.9868 2.9096 2.9304 2.9297 2.9430 2.9184 2.8416 2.8052 2.7944 2.8225 2.7704 2.7549 2.8372 2.8220 2.8948 2.7979 2.8329
4.0562 3.9119 3.9397 3.9569 4.0160 4.0055 4.1717 4.1015 4.1192 3.9979 4.0706 4.0200 3.9576 3.9503 4.1334 3.9190 4.0011 3.7178 3.6623 3.6632 3.5829 3.6201 3.4689 3.4372 3.4005 3.3476 3.3294 3.3158 3.2367 3.2262 3.2058 3.1872 3.1783 3.1317 3.0346 3.1618 3.0953 2.3523 3.3152 2.9886 2.9758 2.9032 2.9321 3.0989 2.9835 2.9589 2.9242 2.8977 2.8524 2.8906 2.8402 2.8314 2.8198 2.7927 2.7807 2.8157 2.8137 2.7212 2.7371 2.7153
3.9774 3.7617 4.0381 3.8206 4.0391 4.0337 4.2478 4.0936 4.1503 4.0817 3.9408 4.0906 3.9571 4.0019 4.0903 3.9509 3.9723 3.7707 3.6792 3.6655 3.5538 3.4259 3.3748 3.6501 3.3683 3.4062 3.3250 3.1562 3.4870 3.2457 3.1748 3.1486 3.1789 3.1194 3.0599 3.0316 2.9809 3.1677 2.9237 2.4667 2.7746 2.8842 2.9269 3.0339 3.0085 2.9235 2.8752 2.8544 2.8155 2.8811 2.8198 2.8127 2.8096 2.7871 2.7977 2.7618 2.8077 2.9409 2.6876 2.8179
3.7551 3.9105 3.9681 3.7838 3.8646 4.0119 3.9470 3.9438 4.0750 4.0759 4.0467 3.9608 3.9785 3.9983 3.9898 4.0661 3.8365 3.8117 3.5921 3.5792 3.6535 3.5086 3.3503 3.4841 3.4463 3.4597 3.4292 3.2488 3.3254 3.2241 3.2898 3.1793 3.1144 3.0922 3.0079 3.0519 2.8141 2.9283 3.0117 2.7340 2.6107 2.7264 2.7457 2.9121 2.9278 2.9318 2.8414 2.9296 2.8191 2.6556 2.8526 2.8088 2.6340 2.7299 2.7971 2.7120 2.8883 2.7967 2.8188 2.6385
3.9635 3.9258 3.8961 3.8610 3.8705 3.8613 3.9171 3.8832 3.7837 3.8391 3.8555 3.9906 3.8468 3.7255 3.9075 3.8574 3.7979 3.9830 3.6957 3.7063 3.5893 3.5179 3.3805 3.4751 3.4221 3.4266 3.2765 3.1837 3.3574 3.2792 3.0967 3.1640 3.1334 3.1095 3.0741 3.0181 3.0389 2.9757 3.2001 3.1764 2.3896 2.8931 2.7103 2.9259 2.9245 2.8646 2.8587 2.7915 2.6030 2.7779 2.9016 2.7987 2.7025 2.6915 2.8476 2.7548 2.7635 2.8735 2.8574 2.8080
3.8906 3.8726 3.9054 3.8559 3.9579 3.8718 3.9448 3.7808 4.0146 3.9089 4.0882 3.7669 3.5740 3.8082 3.9645 3.8612 3.8976 3.7252 3.8308 3.6350 3.6035 3.6911 3.4181 3.8697 3.4275 3.6341 3.3435 3.1424 3.2782 3.4075 3.3594 3.1504 3.0928 3.1556 3.0865 3.0763 3.1924 3.0246 3.0969 2.6479 2.7453 2.4343 2.3412 2.8221 2.8260 2.9268 2.8997 2.7502 2.5514 2.7401 2.7861 2.7949 2.7665 2.8430 2.8838 2.8878 2.6957 2.6869 2.8284 2.8444
3.7742 3.9310 3.8667 3.8547 3.9107 3.8622 3.8063 3.7902 3.8474 3.9012 3.8487 3.7756 3.6941 3.8378 3.9248 3.6885 3.6606 3.7622 3.7462 3.6794 3.2092 3.5266 3.4903 3.4521 3.6442 3.3636 3.4110 3.2575 3.2742 3.1813 3.2561 3.2121 3.0775 3.1556 3.0912 3.1319 3.1355 3.0202 2.9726 2.9926 3.0257 3.0276 2.3596 2.2898 2.6633 2.6445 2.5552 2.6510 2.4445 2.7236 2.6984 2.9639 2.7575 2.7994 2.8687 2.8016 2.8278 2.7780 2.6904 2.8021
3.9064 4.0662 3.9101 3.8614 3.8554 3.8071 3.9302 3.8678 3.9248 3.8824 3.8878 3.7577 3.4044 3.8795 4.0011 3.8201 3.7172 3.7795 3.6952 3.4439 3.3648 3.2728 3.4456 3.4698 3.2882 3.4968 3.4409 3.2655 3.2256 3.0376 3.4863 3.2162 3.1805 3.0996 3.0907 3.0616 3.0954 3.0919 3.0937 3.0060 2.9974 2.9770 3.0330 2.5984 2.1978 2.1110 2.8113 2.6990 2.8173 2.7637 2.7665 2.7949 2.6739 2.3974 2.8122 2.8418 2.8018 2.8391 2.7971 2.8235
3.8270 3.8986 3.8839 3.8225 3.8261 3.5868 3.9206 3.8361 3.7579 3.7353 3.8150 3.8067 3.9213 3.8698 3.8080 3.8783 3.9900 3.6511 3.5660 3.4986 3.3777 3.3584 3.2110 3.4897 3.3552 3.3854 3.3173 3.3307 3.2676 3.2089 3.1219 3.1413 3.1493 3.1203 3.0831 3.0311 3.0552 3.2296 2.9796 2.9925 3.0041 2.8986 2.9090 2.8598 2.0624 2.6056 2.8005 2.7218 2.7353 3.0559 2.7533 2.6310 2.6562 3.0053 2.8221 2.8193 2.8270 2.8270 2.8190 2.7970
3.8879 3.9276 3.9495 3.8394 3.8155 3.6104 3.8050 3.8690 3.5177 3.6154 3.7603 3.7152 3.4879 3.9159 3.8083 3.5035 3.7663 4.0355 3.5098 3.8538 3.3129 3.3097 2.9889 3.3611 3.2719 3.3748 3.1776 3.2230 3.2683 3.0018 3.0383 3.0942 3.1843 3.0811 3.0347 2.8528 3.0373 2.9531 3.0205 2.9835 2.8660 2.8315 2.9118 3.0743 2.5341 2.3866 2.9050 2.6722 2.6857 2.1908 2.1633 2.4773 2.6109 2.9311 2.6392 2.7654 2.8529 2.7846 2.7070 2.7338
3.8956 3.9017 3.9137 3.8091 3.8430 3.8143 3.8060 3.8555 3.7859 3.7242 3.7273 3.7320 3.6694 3.6673 3.7754 3.7212 3.6832 3.5899 3.5042 3.3646 3.3034 3.4735 3.1214 3.3597 3.3519 3.1535 3.0757 3.0807 3.1842 2.9067 3.0482 2.9932 3.0021 3.1191 3.0535 2.9709 2.9220 2.8756 3.0042 2.9060 2.6783 2.8302 2.9275 3.1835 2.7989 2.0683 2.4987 2.7032 2.7341 1.8923 2.5114 2.7874 2.7046 2.9155 2.8539 2.7662 2.7694 2.7682 2.8386 2.7453
3.9367 3.7758 3.2140 3.7872 3.7488 3.7123 3.7890 3.7534 3.7640 3.7082 3.6632 3.4690 3.6471 3.4971 3.7070 3.5873 3.5051 3.4777 3.4157 3.4439 3.2746 3.3527 3.2566 3.1449 3.1909 3.2648 3.3942 3.1375 3.1830 3.0735 3.0169 2.9500 3.0309 3.0802 3.0229 2.9248 2.8128 2.8622 2.8860 3.0669 2.9943 2.8769 2.9262 2.8780 3.0360 2.8428 2.3560 2.4765 2.4122 2.2653 2.7750 2.5573 2.7344 2.8062 2.8970 2.7869 2.7954 2.6996 2.6993 2.7537
3.8156 3.8107 3.5074 3.6934 3.7404 3.7424 3.7450 3.7445 3.6678 3.6293 3.6579 3.8011 3.5713 3.4977 3.6182 3.4978 3.4938 3.4582 3.4344 3.3785 3.3478 3.1138 3.2087 3.1250 3.0478 2.4953 3.1583 3.1549 3.1163 3.0718 3.0173 2.9709 2.9800 2.9845 2.9899 2.9223 2.8799 2.9877 2.8566 2.9001 2.9768 2.9302 2.6934 2.8600 2.8207 2.4573 2.3456 2.1870 2.2571 2.4500 2.7062 2.7627 2.4818 2.6945 2.8200 2.8397 2.7504 2.7999 2.7621 2.7942
3.5987 3.6520 3.7058 3.6784 3.7465 3.3238 3.7719 3.7053 3.7003 3.6698 3.6465 3.6775 3.4771 3.4737 3.5382 3.5474 3.4589 3.4836 3.4466 3.2908 3.3256 3.3641 3.2143 3.1362 3.2818 3.2179 3.1321 3.1282 2.9982 3.0170 2.8601 2.9602 2.9072 2.9693 2.8909 2.8982 2.9023 2.9443 2.9058 2.8624 2.9162 2.8988 2.9845 2.7671 2.8971 3.1378 2.7848 2.0813 2.9623 2.5530 2.7083 2.7693 2.7980 2.7101 2.8858 2.6615 2.7930 2.7132 2.7877 2.6797
3.6846 3.8158 3.3193 3.6351 3.4855 3.6870 3.7085 3.6949 3.6622 3.6437 3.5951 3.6094 3.4088 3.4672 3.4829 3.4789 3.1279 3.4312 3.3741 3.3351 3.3237 3.2404 3.4382 3.2530 3.1178 2.9963 3.1836 3.0638 2.9900 3.0756 2.9644 2.9127 2.9069 2.9653 2.8976 2.9255 2.8378 2.8816 2.9184 2.8561 2.8174 2.8646 3.0793 2.4599 2.6462 2.4914 2.2164 2.3373 2.5607 2.7222 2.3852 2.7672 2.7577 3.0040 2.8137 2.8872 2.7446 2.8256 2.7582 2.7322
3.3549 3.7113 3.7123 3.6787 3.6334 3.6483 3.5875 3.6876 3.6653 3.5653 3.5143 3.5312 3.4031 3.2636 3.4602 3.3633 3.4190 3.3273 3.2639 3.4615 3.3555 3.2621 3.2716 3.1815 3.0933 2.9629 3.0230 3.0918 2.7872 3.0540 3.0803 3.0042 3.0056 2.8904 3.0686 2.8459 2.8731 2.9729 2.9833 2.8861 2.8033 2.8937 2.6871 2.8735 2.3122 2.6110 2.0523 2.6975 2.4674 2.7682 2.8802 2.9971 2.8095 2.7567 2.9424 2.9337 2.7883 2.8956 2.7809 2.7391
