tests/files/spatial_manager/layers/compound/US/US0101201608.asc
ncols	60
nrows	60
xllcorner	390242.99999940
yllcorner	3870256.0000075
cellsize	500.00000000000
NODATA_value	-9999.000000
[rows 0 to 38 of 60, columns 0 to 59 of 60]
3.8202 3.7005 3.7698 3.7219 3.8951 3.7547 3.8601 3.6063 4.1825 4.1166 3.8765 3.9281 3.8887 3.8885 3.7638 3.8011 3.7902 3.7404 3.7178 3.7348 3.7142 3.6394 3.6345 3.5848 3.4695 3.4984 3.5608 3.4120 3.3340 3.3082 3.2744 3.2492 3.2596 3.1638 3.0876 3.0808 3.0434 2.9618 2.9868 2.9603 -9999 -9999 -9999 -9999 -9999 -9999 -9999 -9999 -9999 -9999 -9999 -9999 -9999 -9999 -9999 -9999 -9999 -9999 -9999 -9999
3.6018 3.6012 3.6474 3.8318 3.8226 3.6266 3.6155 3.8856 3.7669 3.8764 3.8170 4.1639 3.7819 3.6775 4.0766 3.7238 3.7555 3.7192 3.6785 3.5272 3.7452 3.6957 3.5881 3.5230 3.4536 3.3688 3.4240 3.4314 3.3030 3.2437 3.2593 3.2138 3.1878 3.1694 3.1589 3.1011 3.0841 3.0182 2.9671 2.9483 -9999 -9999 -9999 -9999 -9999 -9999 -9999 -9999 -9999 -9999 -9999 -9999 -9999 -9999 -9999 -9999 -9999 -9999 -9999 -9999
3.5294 3.6203 3.7327 3.7149 3.7456 3.6934 3.3023 3.6838 3.7677 3.8051 3.8615 3.8027 3.8408 3.6739 3.7586 3.6976 3.6150 3.6900 3.6036 3.6605 3.5190 3.6897 3.5906 3.4583 3.4121 3.3347 3.4609 3.3306 3.2797 3.2392 3.1588 3.1898 3.1637 3.1173 3.1204 3.0572 3.0956 3.0200 2.9154 2.9241 -9999 -9999 -9999 -9999 -9999 -9999 -9999 -9999 -9999 -9999 -9999 -9999 -9999 -9999 -9999 -9999 -9999 -9999 -9999 -9999
3.7355 3.6402 3.5012 3.8352 3.7404 3.6420 3.6262 3.6463 3.6682 3.7337 3.8028 3.8286 3.8050 3.7272 3.8119 3.6177 3.6724 3.6071 3.4581 3.5797 3.6974 3.7601 3.5244 3.3661 3.3706 3.3215 3.2794 3.2950 3.2465 3.1630 3.2130 3.1366 3.0971 3.0935 3.0277 3.1104 3.0721 3.0311 2.9752 2.9808 -9999 -9999 -9999 -9999 -9999 -9999 -9999 -9999 -9999 -9999 -9999 -9999 -9999 -9999 -9999 -9999 -9999 -9999 -9999 -9999
3.5371 3.8022 3.3483 3.6138 3.6578 3.6485 3.5957 3.5205 3.5482 3.9189 3.7381 3.6910 3.6445 3.6948 3.6688 3.7402 3.6119 3.5829 3.5254 3.4024 3.3651 3.6413 3.4896 3.4330 3.3765 3.2972 3.2627 3.2529 3.2368 3.2074 3.1486 3.1480 3.0561 3.0937 3.0566 2.9674 3.1529 2.9846 2.8885 2.8316 -9999 -9999 -9999 -9999 -9999 -9999 -9999 -9999 -9999 -9999 -9999 -9999 -9999 -9999 -9999 -9999 -9999 -9999 -9999 -9999
3.9821 3.7288 3.8726 3.8422 3.7926 3.7453 3.6073 3.5094 3.6054 3.5931 3.6565 3.6738 3.6721 3.6025 3.5520 3.5820 3.5936 3.5230 3.4803 3.4874 3.4933 3.5266 3.4325 3.3738 3.3601 3.2440 3.2617 3.2175 3.2736 3.1564 3.1950 3.1065 3.0187 3.0474 2.9878 3.0241 3.0090 2.9355 2.9406 2.9085 -9999 -9999 -9999 -9999 -9999 -9999 -9999 -9999 -9999 -9999 -9999 -9999 -9999 -9999 -9999 -9999 -9999 -9999 -9999 -9999
4.2692 4.1283 3.9165 3.5779 3.7845 3.5780 3.5170 3.5165 3.6897 3.5868 3.6281 3.6210 3.6031 3.6320 3.5904 3.6607 3.5029 3.5013 3.5038 3.4799 3.4997 3.4775 3.6178 3.4535 3.3417 3.2645 3.2248 3.1261 3.1469 3.1541 3.0949 3.0642 3.0946 3.0329 3.0534 2.9718 2.9659 2.8984 2.9101 2.8843 -9999 -9999 -9999 -9999 -9999 -9999 -9999 -9999 -9999 -9999 -9999 -9999 -9999 -9999 -9999 -9999 -9999 -9999 -9999 -9999
3.8319 3.9924 3.8491 3.7706 3.5743 3.5810 3.4833 3.3375 3.6568 3.6424 3.5268 3.6180 3.5495 3.5824 3.5561 3.4711 3.4458 3.4668 3.4918 3.4168 3.3795 3.3948 3.5429 3.4488 3.3988 3.2371 3.2039 3.1700 3.1170 3.1313 3.0721 3.0627 3.0538 3.0160 2.9654 3.0033 2.8735 3.0033 2.8536 2.8387 -9999 -9999 -9999 -9999 -9999 -9999 -9999 -9999 -9999 -9999 -9999 -9999 -9999 -9999 -9999 -9999 -9999 -9999 -9999 -9999
3.5051 4.1642 3.6436 3.6548 3.5208 3.4740 3.4056 3.3870 3.4239 3.5271 3.5290 3.5548 3.6781 3.6106 3.4805 3.4590 3.4415 3.4092 3.3727 3.3438 3.3617 3.3442 3.3519 3.3385 3.4493 3.2787 3.2675 3.1738 3.1338 3.1164 3.0289 3.0309 3.0395 2.9987 2.9857 2.9078 2.8728 2.8686 2.8662 2.8332 -9999 -9999 -9999 -9999 -9999 -9999 -9999 -9999 -9999 -9999 -9999 -9999 -9999 -9999 -9999 -9999 -9999 -9999 -9999 -9999
3.9312 3.3912 3.8064 3.4775 3.4699 3.5513 3.3538 3.3870 3.4202 3.1920 3.4681 3.5249 3.5022 3.6176 3.6482 3.4954 3.4207 3.3311 3.3667 3.3213 3.3135 3.3621 3.2062 3.2970 3.3220 3.2538 3.1718 3.1723 3.1031 3.1638 3.0349 3.0091 3.0041 3.0159 3.0003 3.0569 2.8470 2.8506 2.8322 2.7895 -9999 -9999 -9999 -9999 -9999 -9999 -9999 -9999 -9999 -9999 -9999 -9999 -9999 -9999 -9999 -9999 -9999 -9999 -9999 -9999
3.1158 3.2426 3.4477 3.2813 3.3336 3.3437 3.3271 3.3970 3.4066 3.3548 3.4345 3.4559 3.5761 3.3131 3.6117 3.6666 3.4190 3.3478 3.2784 3.2782 3.2671 3.0942 3.2311 3.2998 3.2665 3.2275 3.1777 3.1339 3.0843 3.1076 2.9272 2.9583 2.9638 2.9809 2.8875 2.9419 2.8582 2.8238 2.8115 2.7957 -9999 -9999 -9999 -9999 -9999 -9999 -9999 -9999 -9999 -9999 -9999 -9999 -9999 -9999 -9999 -9999 -9999 -9999 -9999 -9999
3.1373 3.4009 3.2598 3.3587 3.2564 3.2149 3.2532 3.1593 3.4557 3.3908 3.3865 3.4386 3.3752 3.3389 3.4557 3.4364 3.4407 3.3279 3.3143 3.2671 3.2596 3.2470 3.2405 3.1652 3.2326 3.1905 3.2063 3.1334 3.1203 3.0817 2.9802 2.9217 2.9285 2.9919 2.8271 2.9396 2.8354 2.8623 2.7946 2.7697 -9999 -9999 -9999 -9999 -9999 -9999 -9999 -9999 -9999 -9999 -9999 -9999 -9999 -9999 -9999 -9999 -9999 -9999 -9999 -9999
3.1014 2.9856 3.1744 3.2158 3.1677 3.2297 3.1390 3.1683 3.2475 3.4011 3.3231 3.4322 3.3228 3.3330 3.4199 3.4296 3.4234 3.3863 3.3874 3.2849 3.2699 3.2800 3.1048 3.1388 3.1203 3.1787 3.1102 3.0780 3.1164 2.9809 2.9315 2.8982 3.0050 2.9224 2.8148 2.9607 2.8782 2.8133 2.7947 2.7620 -9999 -9999 -9999 -9999 -9999 -9999 -9999 -9999 -9999 -9999 -9999 -9999 -9999 -9999 -9999 -9999 -9999 -9999 -9999 -9999
2.8451 2.9156 3.1125 3.3264 3.1621 3.1008 3.0248 3.1775 3.1273 3.2571 3.3361 3.2566 3.3410 3.3018 3.2861 3.3632 3.3949 3.3249 3.3396 3.3548 3.2637 3.2550 3.1764 3.1678 3.0608 3.0836 3.0858 3.0575 2.9560 2.9308 2.9233 2.9037 2.9230 2.8875 2.8890 2.8843 2.8526 2.8206 2.7676 2.7656 -9999 -9999 -9999 -9999 -9999 -9999 -9999 -9999 -9999 -9999 -9999 -9999 -9999 -9999 -9999 -9999 -9999 -9999 -9999 -9999
2.7762 2.7842 2.8473 2.9777 2.8331 3.1031 2.9835 2.9846 3.0528 3.1765 3.1992 3.2195 3.2444 3.1845 3.3393 3.3252 3.2260 3.3173 3.3052 3.3016 3.2483 3.2532 3.2250 3.1941 3.0793 3.1460 3.0065 2.9499 2.9234 2.9025 2.8814 2.8753 2.8923 2.8576 2.9268 2.8633 2.8702 2.8279 2.7527 2.7643 -9999 -9999 -9999 -9999 -9999 -9999 -9999 -9999 -9999 -9999 -9999 -9999 -9999 -9999 -9999 -9999 -9999 -9999 -9999 -9999
2.8146 2.8096 2.8073 2.9427 2.9589 3.0402 2.9351 3.0216 3.1302 3.0587 3.2069 3.2371 3.2209 3.1959 3.2451 3.2221 3.2271 3.2815 3.2674 3.3045 3.1225 3.1068 3.1033 3.0952 3.0940 3.0166 3.0046 2.9618 2.8594 2.8847 2.8635 2.8145 2.8682 2.8613 2.8003 2.7888 3.0529 2.9236 2.7551 2.7527 -9999 -9999 -9999 -9999 -9999 -9999 -9999 -9999 -9999 -9999 -9999 -9999 -9999 -9999 -9999 -9999 -9999 -9999 -9999 -9999
2.6377 2.7080 2.9403 3.0101 3.2318 3.0418 2.9772 3.0960 3.0527 3.0533 3.1410 3.1568 3.1998 3.1732 3.1403 3.1530 3.1840 3.1849 3.1913 3.1923 3.0307 3.0626 3.0788 3.2022 3.0124 3.2352 2.9031 2.9572 2.8791 2.8570 2.8754 2.8316 2.8387 2.8356 2.8144 2.8146 2.9561 2.8723 2.7394 2.7528 -9999 -9999 -9999 -9999 -9999 -9999 -9999 -9999 -9999 -9999 -9999 -9999 -9999 -9999 -9999 -9999 -9999 -9999 -9999 -9999
2.7828 2.5634 2.7618 2.7103 2.9036 3.1509 3.0333 2.9227 3.2047 3.2208 2.9980 3.0742 3.1303 3.0997 3.0145 3.1472 3.1615 3.2165 3.4503 3.2419 3.1284 3.1058 3.0852 3.0120 2.9144 3.0724 2.9942 2.8901 2.8860 2.8551 2.8638 2.8488 2.8259 2.8270 2.8443 2.7895 2.9046 2.7991 2.7424 2.7649 -9999 -9999 -9999 -9999 -9999 -9999 -9999 -9999 -9999 -9999 -9999 -9999 -9999 -9999 -9999 -9999 -9999 -9999 -9999 -9999
2.6474 2.7132 2.8698 2.6996 2.8469 2.8707 2.9835 2.9893 3.0550 2.9767 3.0539 3.0285 3.0837 3.0688 3.0831 3.0315 3.2520 3.2571 3.0956 3.1306 3.0964 3.0233 3.0571 2.9921 2.9914 2.9003 2.9937 2.9199 2.8756 2.8571 2.8613 2.8504 2.7863 2.7981 2.8077 2.8321 2.8461 2.8442 2.7525 2.7478 -9999 -9999 -9999 -9999 -9999 -9999 -9999 -9999 -9999 -9999 -9999 -9999 -9999 -9999 -9999 -9999 -9999 -9999 -9999 -9999
2.6458 2.6765 2.8978 2.7985 2.8440 2.8839 2.9063 2.9821 3.0008 2.9989 3.0685 3.0500 3.0516 3.0540 3.0561 3.0991 3.0172 3.0933 2.9888 3.0354 2.9838 3.0364 3.0207 2.9836 3.1533 2.9249 2.9843 2.8871 2.8723 2.8440 2.8388 2.8044 2.9888 2.8317 2.8195 2.8280 2.7861 2.7950 2.8061 2.7499 -9999 -9999 -9999 -9999 -9999 -9999 -9999 -9999 -9999 -9999 -9999 -9999 -9999 -9999 -9999 -9999 -9999 -9999 -9999 -9999
2.5362 2.5310 2.6876 2.9675 2.9037 2.7891 2.9826 3.0170 3.0093 2.9771 2.8578 3.0574 3.0082 3.0449 3.0250 3.0253 3.0802 3.0612 3.0121 2.9853 3.0656 2.9568 2.9925 2.9432 2.9125 2.8464 2.6260 2.7619 2.8743 2.8253 2.8060 2.7839 2.7900 2.7516 2.7872 2.7880 2.7772 2.7528 2.7587 2.7450 2.7083 2.7032 2.6721 2.6824 2.6654 2.6780 2.6812 2.6574 2.6500 2.6343 2.6510 2.7075 2.5694 2.5526 -9999 -9999 -9999 -9999 2.5711 2.6844
2.3795 2.5363 2.7141 2.4896 3.0336 2.8126 2.7714 3.1486 3.0032 2.9904 2.9946 2.9976 2.9906 2.9856 3.0085 3.0187 2.9848 3.0727 2.9666 3.0067 2.9818 3.0262 2.9766 2.9974 2.8835 2.8313 2.8374 2.7751 2.7751 2.7294 2.7864 2.7939 2.7781 2.5966 2.7250 2.7773 2.7422 2.7486 2.7635 2.7225 2.6904 2.6724 2.6814 2.6743 2.6254 2.6963 2.6685 2.6328 2.6471 2.6064 2.6147 2.6131 2.6005 2.6126 2.5778 2.8068 2.4988 2.5552 2.4510 2.6945
2.4564 2.4719 2.5079 2.5028 2.6407 2.6986 2.8519 2.8724 3.2330 3.0918 3.0070 3.1839 3.1188 3.1969 2.9786 2.9407 2.8434 2.9920 2.9667 2.9343 2.9809 2.9349 2.8930 2.8843 2.8675 2.8518 2.8228 2.7920 2.7700 2.7585 2.7163 2.7788 2.7277 2.7519 2.7510 2.7728 2.6573 2.6827 2.6832 2.7499 2.7317 2.7852 2.6018 2.6348 2.6426 2.6595 2.6562 2.6738 2.6527 2.6102 2.6230 2.6059 2.5708 2.5442 2.6286 2.8818 2.7687 2.6471 2.6181 2.7018
2.3937 2.3938 2.4831 2.5401 2.6074 2.8321 2.8249 2.8442 2.8035 3.0752 2.8991 2.9471 2.9134 3.2850 3.1198 2.9405 2.8838 2.9224 2.8508 2.9405 2.9408 2.7158 2.8557 2.7902 2.7590 2.7639 2.7754 2.7614 2.7553 2.7511 2.7533 2.7438 2.7544 2.5915 2.6790 2.3038 2.7313 2.3341 2.5949 2.7097 2.6340 2.7123 2.7068 2.7010 2.6426 2.6727 2.6829 2.7057 2.6932 2.6317 2.6068 2.6049 2.6389 2.5971 2.5889 2.6719 2.6626 2.7356 2.6475 2.6832
2.3282 2.3109 2.3913 2.4638 2.5612 2.6126 2.7789 2.7865 2.8505 2.8144 2.9118 2.9187 2.9135 2.9460 3.1198 2.9912 3.0859 2.8955 2.8784 2.9039 2.8632 2.9150 2.8134 2.8069 2.7952 2.7690 2.7707 2.7756 2.7249 2.7311 2.7287 2.7273 2.7339 2.7078 2.6372 2.7616 2.7169 2.0749 2.9384 2.6616 2.6626 2.6097 2.6475 2.8106 2.7176 2.7063 2.6854 2.6713 2.6392 2.6838 2.6457 2.6456 2.6421 2.6233 2.6180 2.6563 2.6590 2.5752 2.5930 2.5746
2.2463 2.1886 2.4164 2.3475 2.5442 2.6008 2.7995 2.7538 2.8459 2.8495 2.7974 2.9494 2.8948 2.9675 3.0715 3.0020 3.0515 2.9266 2.8832 2.8985 2.8342 2.7543 2.7340 2.9785 2.7677 2.8175 2.7679 2.6437 2.9383 2.7509 2.7062 2.6988 2.7397 2.7028 2.6652 2.6543 2.6232 2.8016 2.5985 2.2030 2.4898 2.6001 2.6506 2.7596 2.7482 2.6816 2.6477 2.6385 2.6119 2.6818 2.6330 2.6341 2.6381 2.6233 2.6389 2.6098 2.6573 2.7869 2.5492 2.6746
2.0863 2.2406 2.3407 2.2941 2.4043 2.5572 2.5737 2.6271 2.7692 2.8220 2.8510 2.8363 2.8925 2.9484 2.9813 3.0760 2.9360 2.9487 2.8072 2.8238 2.9084 2.8169 2.7115 2.8414 2.8311 2.8621 2.8561 2.7234 2.8051 2.7363 2.8086 2.7301 2.6895 2.6852 2.6262 2.6788 2.4829 2.5969 2.6843 2.4488 2.3495 2.4651 2.4938 2.6565 2.6822 2.6968 2.6238 2.7152 2.6220 2.4780 2.6700 2.6362 2.4784 2.5745 2.6430 2.5670 2.7376 2.6537 2.6768 2.5068
2.1661 2.2150 2.2655 2.3098 2.3783 2.4331 2.5273 2.5616 2.5483 2.6363 2.6961 2.8384 2.7798 2.7324 2.9058 2.9059 2.8959 3.0716 2.8806 2.9179 2.8526 2.8209 2.7337 2.8329 2.8112 2.8356 2.7306 2.6713 2.8356 2.7872 2.6484 2.7221 2.7116 2.7064 2.6905 2.6559 2.6885 2.6463 2.8603 2.8532 2.1568 2.6235 2.4689 2.6769 2.6868 2.6424 2.6471 2.5942 2.4272 2.5985 2.7221 2.6325 2.5482 2.5432 2.6956 2.6117 2.6232 2.7301 2.7166 2.6705
2.0912 2.1515 2.2385 2.2761 2.4020 2.4120 2.5185 2.4700 2.6800 2.6627 2.8381 2.6617 2.5675 2.7784 2.9346 2.8970 2.9616 2.8645 2.9787 2.8563 2.8597 2.9567 2.7624 3.1538 2.8159 3.0087 2.7886 2.6395 2.7725 2.9009 2.8783 2.7160 2.6825 2.7531 2.7082 2.7143 2.8320 2.6973 2.7760 2.3854 2.4851 2.2139 2.1389 2.5894 2.6038 2.7073 2.6923 2.5625 2.3851 2.5693 2.6198 2.6347 2.6138 2.6913 2.7345 2.7421 2.5625 2.5560 2.6919 2.7076
1.9951 2.1503 2.1846 2.2452 2.3443 2.3787 2.4048 2.4525 2.5460 2.6364 2.6527 2.6507 2.6386 2.7858 2.8923 2.7568 2.7725 2.8850 2.9064 2.8861 2.5435 2.8226 2.8195 2.8133 2.9949 2.7866 2.8475 2.7395 2.7732 2.7130 2.7952 2.7751 2.6754 2.7598 2.7194 2.7709 2.7894 2.7012 2.6724 2.7039 2.7471 2.7617 2.1620 2.1071 2.4609 2.4530 2.3789 2.4766 2.2909 2.5599 2.5430 2.8000 2.6104 2.6550 2.7248 2.6644 2.6918 2.6461 2.5635 2.6699
2.0308 2.1900 2.1775 2.2193 2.2829 2.3184 2.4574 2.4791 2.5750 2.6034 2.6610 2.6217 2.4182 2.8023 2.9360 2.8448 2.8067 2.8909 2.8611 2.6972 2.6639 2.6177 2.7827 2.8281 2.7036 2.8991 2.8757 2.7500 2.7364 2.5953 2.9990 2.7849 2.7716 2.7178 2.7262 2.7162 2.7616 2.7734 2.7896 2.7242 2.7295 2.7237 2.7873 2.3980 2.0366 1.9636 2.6244 2.5279 2.6468 2.6038 2.6131 2.6458 2.5363 2.2778 2.6756 2.7067 2.6707 2.7076 2.6679 2.6928
1.9564 2.0672 2.1319 2.1680 2.2380 2.1599 2.4264 2.4360 2.4447 2.4857 2.5933 2.6397 2.7705 2.7822 2.7830 2.8782 3.0040 2.7862 2.7560 2.7364 2.6717 2.6849 2.5930 2.8451 2.7605 2.8094 2.7758 2.8092 2.7770 2.7470 2.6914 2.7265 2.7513 2.7431 2.7270 2.6968 2.7337 2.9055 2.6947 2.7201 2.7439 2.6599 2.6813 2.6469 1.9165 2.4303 2.6212 2.5558 2.5761 2.8858 2.6063 2.4958 2.5243 2.8605 2.6894 2.6893 2.6983 2.6993 2.6917 2.6700
1.9544 2.0504 2.1370 2.1489 2.2048 2.1501 2.3311 2.4344 2.2695 2.3881 2.5392 2.5612 2.4516 2.8028 2.7725 2.5917 2.8281 3.0730 2.7082 3.0108 2.6187 2.6452 2.4139 2.7416 2.6941 2.8038 2.6627 2.7228 2.7828 2.5752 2.6253 2.6921 2.7891 2.7161 2.6918 2.5455 2.7257 2.6648 2.7400 2.7201 2.6257 2.6061 2.6917 2.8537 2.3615 2.2321 2.7262 2.5156 2.5355 2.0736 2.0523 2.3548 2.4860 2.7948 2.5192 2.6418 2.7267 2.6619 2.5875 2.6121
1.9255 2.0055 2.0875 2.1041 2.1941 2.2466 2.3086 2.4041 2.4228 2.4421 2.5008 2.5582 2.5664 2.6137 2.7387 2.7444 2.7589 2.7285 2.7001 2.6262 2.6099 2.7759 2.5217 2.7422 2.7626 2.6233 2.5813 2.6073 2.7167 2.4991 2.6402 2.6110 2.6366 2.7573 2.7162 2.6587 2.6301 2.6027 2.7335 2.6576 2.4612 2.6127 2.7142 2.9636 2.6155 1.9397 2.3511 2.5512 2.5874 1.7952 2.3876 2.6549 2.5801 2.7847 2.7285 2.6464 2.6504 2.6494 2.7161 2.6255
1.9133 1.9109 1.6900 2.0648 2.1150 2.1630 2.2758 2.3198 2.3898 2.4146 2.4425 2.3650 2.5388 2.4824 2.6800 2.6383 2.6197 2.6388 2.6289 2.6862 2.5865 2.6798 2.6323 2.5691 2.6330 2.7198 2.8534 2.6606 2.7215 2.6487 2.6197 2.5801 2.6693 2.7307 2.6970 2.6254 2.5396 2.5985 2.6341 2.8133 2.7599 2.6638 2.7210 2.6869 2.8451 2.6733 2.2226 2.3430 2.2881 2.1538 2.6438 2.4405 2.6133 2.6849 2.7740 2.6701 2.6788 2.5868 2.5856 2.6361
1.8236 1.8990 1.8184 1.9878 2.0855 2.1574 2.2279 2.2944 2.3108 2.3471 2.4244 2.5780 2.4749 2.4734 2.6077 2.5661 2.6062 2.6203 2.6407 2.6339 2.6441 2.4897 2.5954 2.5554 2.5182 2.0821 2.6600 2.6809 2.6705 2.6538 2.6268 2.6055 2.6320 2.6537 2.6756 2.6311 2.6081 2.7209 2.6154 2.6686 2.7521 2.7212 2.5118 2.6777 2.6506 2.3170 2.2185 2.0742 2.1461 2.3346 2.5836 2.6418 2.3762 2.5824 2.7045 2.7245 2.6391 2.6861 2.6486 2.6774
1.6914 1.7922 1.8945 1.9546 2.0648 1.8961 2.2228 2.2514 2.3139 2.3577 2.4030 2.4818 2.3995 2.4478 2.5426 2.5965 2.5757 2.6364 2.6483 2.5648 2.6270 2.6912 2.6022 2.5677 2.7157 2.6899 2.6433 2.6641 2.5755 2.6132 2.4967 2.6035 2.5752 2.6481 2.5949 2.6175 2.6367 2.6898 2.6687 2.6420 2.7044 2.7002 2.7915 2.5981 2.7299 2.9665 2.6405 1.9788 2.8230 2.4381 2.5909 2.6531 2.6837 2.6017 2.7719 2.5572 2.6834 2.6060 2.6760 2.5702
1.7031 1.8442 1.6735 1.9074 1.8992 2.0818 2.1655 2.2268 2.2736 2.3262 2.3562 2.4244 2.3431 2.4353 2.4963 2.5412 2.3258 2.5943 2.5913 2.5993 2.6265 2.5942 2.7865 2.6670 2.5843 2.5094 2.6925 2.6155 2.5751 2.6711 2.5951 2.5693 2.5827 2.6527 2.6091 2.6506 2.5863 2.6408 2.6887 2.6443 2.6207 2.6763 2.8886 2.3162 2.5003 2.3616 2.1069 2.2275 2.4459 2.6052 2.2865 2.6562 2.6499 2.8886 2.7068 2.7779 2.6404 2.7172 2.6506 2.6232
1.5252 1.7668 1.8461 1.9064 1.9578 2.0394 2.0762 2.2049 2.2598 2.2625 2.2913 2.3615 2.3306 2.2855 2.4743 2.4526 2.5393 2.5140 2.5062 2.6984 2.6532 2.6140 2.6549 2.6127 2.5688 2.4866 2.5627 2.6459 2.4068 2.6597 2.7044 2.6579 2.6786 2.5938 2.7718 2.5867 2.6268 2.7332 2.7571 2.6804 2.6155 2.7115 2.5280 2.7133 2.1906 2.4813 1.9557 2.5768 2.3621 2.6549 2.7666 2.8823 2.7044 2.6552 2.8349 2.8266 2.6859 2.7879 2.6755 2.6326
