tests/files/spatial_manager/layers/compound/US/US0101201605.asc
ncols	60
nrows	60
xllcorner	390242.99999940
yllcorner	3870256.0000075
cellsize	500.00000000000
NODATA_value	-9999.000000
[rows 0 to 38 of 60, columns 0 to 59 of 60]
1.9011 1.8480 1.8911 1.8773 1.9774 1.9204 1.9908 1.8772 2.1992 2.1884 2.0851 2.1394 2.1463 2.1763 2.1376 2.1921 2.2207 2.2278 2.2522 2.3022 2.3307 2.3258 2.3662 2.3782 2.3462 2.4118 2.5032 2.4461 2.4376 2.4668 2.4901 2.5198 2.5775 2.5506 2.5372 2.5799 2.5964 2.5734 2.6420 2.6649 -9999 -9999 -9999 -9999 -9999 -9999 -9999 -9999 -9999 -9999 -9999 -9999 -9999 -9999 -9999 -9999 -9999 -9999 -9999 -9999
1.8142 1.8199 1.8513 1.9554 1.9631 1.8762 1.8860 2.0456 2.0032 2.0840 2.0763 2.2935 2.1110 2.0816 2.3416 2.1719 2.2255 2.2405 2.2539 2.1992 2.3771 2.3888 2.3627 2.3640 2.3620 2.3488 2.4341 2.4874 2.4416 2.4452 2.5053 2.5187 2.5471 2.5813 2.6218 2.6222 2.6562 2.6466 2.6481 2.6769 -9999 -9999 -9999 -9999 -9999 -9999 -9999 -9999 -9999 -9999 -9999 -9999 -9999 -9999 -9999 -9999 -9999 -9999 -9999 -9999
1.7998 1.8519 1.9175 1.9184 1.9463 1.9332 1.7427 1.9619 2.0268 2.0693 2.1247 2.1187 2.1685 2.1035 2.1838 2.1816 2.1670 2.2487 2.2336 2.3087 2.2594 2.4125 2.3916 2.3472 2.3603 2.3515 2.4881 2.4414 2.4512 2.4684 2.4542 2.5264 2.5540 2.5646 2.6155 2.6101 2.6911 2.6722 2.6248 2.6774 -9999 -9999 -9999 -9999 -9999 -9999 -9999 -9999 -9999 -9999 -9999 -9999 -9999 -9999 -9999 -9999 -9999 -9999 -9999 -9999
1.9291 1.8854 1.8207 2.0047 1.9671 1.9291 1.9364 1.9649 1.9965 2.0543 2.1170 2.1581 2.1735 2.1590 2.2407 2.1594 2.2272 2.2239 2.1685 2.2842 2.4017 2.4872 2.3749 2.3111 2.3585 2.3690 2.3843 2.4423 2.4532 2.4367 2.5231 2.5105 2.5261 2.5707 2.5627 2.6809 2.6954 2.7061 2.7017 2.7520 -9999 -9999 -9999 -9999 -9999 -9999 -9999 -9999 -9999 -9999 -9999 -9999 -9999 -9999 -9999 -9999 -9999 -9999 -9999 -9999
1.8503 1.9945 1.7632 1.9125 1.9474 1.9562 1.9434 1.9199 1.9543 2.1820 2.1057 2.1053 2.1065 2.1657 2.1822 2.2590 2.2165 2.2351 2.2369 2.1967 2.2116 2.4369 2.3789 2.3844 2.3899 2.3785 2.3990 2.4381 2.4729 2.4977 2.4989 2.5460 2.5182 2.5966 2.6124 2.5818 2.7916 2.6881 2.6453 2.6356 -9999 -9999 -9999 -9999 -9999 -9999 -9999 -9999 -9999 -9999 -9999 -9999 -9999 -9999 -9999 -9999 -9999 -9999 -9999 -9999
2.1108 1.9816 2.0656 2.0592 2.0446 2.0331 1.9738 1.9374 2.0101 2.0249 2.0848 2.1208 2.1481 2.1370 2.1381 2.1894 2.2317 2.2241 2.2347 2.2784 2.3231 2.3881 2.3675 2.3707 2.4059 2.3670 2.4256 2.4386 2.5286 2.4847 2.5628 2.5386 2.5127 2.5830 2.5782 2.6557 2.6882 2.6669 2.7155 2.7288 -9999 -9999 -9999 -9999 -9999 -9999 -9999 -9999 -9999 -9999 -9999 -9999 -9999 -9999 -9999 -9999 -9999 -9999 -9999 -9999
2.2937 2.2232 2.1165 1.9424 2.0664 1.9670 1.9487 1.9656 2.0827 2.0464 2.0940 2.1160 2.1335 2.1808 2.1877 2.2648 2.2018 2.2372 2.2769 2.3009 2.3553 2.3829 2.5248 2.4552 2.4205 2.4094 2.4253 2.3958 2.4575 2.5097 2.5087 2.5299 2.6019 2.5960 2.6599 2.6337 2.6732 2.6556 2.7093 2.7272 -9999 -9999 -9999 -9999 -9999 -9999 -9999 -9999 -9999 -9999 -9999 -9999 -9999 -9999 -9999 -9999 -9999 -9999 -9999 -9999
2.0873 2.1793 2.1080 2.0742 1.9772 1.9941 1.9547 1.8893 2.0902 2.1043 2.0611 2.1407 2.1280 2.1777 2.1935 2.1739 2.1925 2.2423 2.2968 2.2865 2.3018 2.3541 2.5019 2.4807 2.4905 2.4166 2.4369 2.4566 2.4608 2.5183 2.5164 2.5546 2.5931 2.6065 2.6074 2.6859 2.6126 2.7749 2.6780 2.7046 -9999 -9999 -9999 -9999 -9999 -9999 -9999 -9999 -9999 -9999 -9999 -9999 -9999 -9999 -9999 -9999 -9999 -9999 -9999 -9999
1.9364 2.3048 2.0228 2.0377 1.9736 1.9601 1.9361 1.9422 1.9823 2.0637 2.0886 2.1299 2.2328 2.2224 2.1737 2.1934 2.2170 2.2322 2.2457 2.2650 2.3174 2.3469 2.3953 2.4296 2.5569 2.4758 2.5134 2.4868 2.5011 2.5331 2.5069 2.5537 2.6065 2.6163 2.6496 2.6236 2.6343 2.6721 2.7109 2.7195 -9999 -9999 -9999 -9999 -9999 -9999 -9999 -9999 -9999 -9999 -9999 -9999 -9999 -9999 -9999 -9999 -9999 -9999 -9999 -9999
2.2032 1.9036 2.1428 1.9656 1.9716 2.0307 1.9321 1.9678 2.0061 1.8919 2.0791 2.1391 2.1532 2.2550 2.3073 2.2443 2.2311 2.2083 2.2694 2.2775 2.3120 2.3880 2.3185 2.4278 2.4912 2.4852 2.4673 2.5132 2.5034 2.5988 2.5378 2.5608 2.6013 2.6562 2.6868 2.7823 2.6325 2.6767 2.6992 2.6970 -9999 -9999 -9999 -9999 -9999 -9999 -9999 -9999 -9999 -9999 -9999 -9999 -9999 -9999 -9999 -9999 -9999 -9999 -9999 -9999
1.7721 1.8466 1.9686 1.8808 1.9204 1.9382 1.9426 2.0001 2.0247 2.0147 2.0859 2.1245 2.2271 2.0918 2.3134 2.3842 2.2582 2.2471 2.2374 2.2756 2.3076 2.2243 2.3645 2.4586 2.4781 2.4933 2.4997 2.5101 2.5151 2.5795 2.4728 2.5426 2.5910 2.6498 2.6089 2.7006 2.6646 2.6724 2.6996 2.7221 -9999 -9999 -9999 -9999 -9999 -9999 -9999 -9999 -9999 -9999 -9999 -9999 -9999 -9999 -9999 -9999 -9999 -9999 -9999 -9999
1.8112 1.9655 1.8884 1.9527 1.9024 1.8895 1.9257 1.8855 2.0816 2.0636 2.0841 2.1418 2.1295 2.1355 2.2421 2.2631 2.3015 2.2620 2.2903 2.2961 2.3305 2.3625 2.3998 2.3861 2.4809 2.4929 2.5504 2.5372 2.5716 2.5845 2.5429 2.5357 2.5844 2.6838 2.5767 2.7213 2.6646 2.7295 2.7028 2.7154 -9999 -9999 -9999 -9999 -9999 -9999 -9999 -9999 -9999 -9999 -9999 -9999 -9999 -9999 -9999 -9999 -9999 -9999 -9999 -9999
1.8181 1.7516 1.8662 1.8969 1.8772 1.9251 1.8841 1.9171 1.9830 2.0979 2.0726 2.1663 2.1242 2.1597 2.2478 2.2879 2.3193 2.3310 2.3702 2.3373 2.3667 2.4154 2.3268 2.3941 2.4224 2.5118 2.5014 2.5194 2.5955 2.5257 2.5264 2.5396 2.6766 2.6450 2.5876 2.7633 2.7261 2.7027 2.7220 2.7258 -9999 -9999 -9999 -9999 -9999 -9999 -9999 -9999 -9999 -9999 -9999 -9999 -9999 -9999 -9999 -9999 -9999 -9999 -9999 -9999
1.6941 1.7369 1.8575 1.9914 1.9013 1.8749 1.8414 1.9497 1.9361 2.0368 2.1090 2.0833 2.1644 2.1679 2.1883 2.2728 2.3296 2.3180 2.3663 2.4169 2.3914 2.4262 2.4089 2.4446 2.4037 2.4642 2.5092 2.5295 2.4877 2.5085 2.5441 2.5686 2.6274 2.6364 2.6782 2.7136 2.7225 2.7294 2.7140 2.7469 -9999 -9999 -9999 -9999 -9999 -9999 -9999 -9999 -9999 -9999 -9999 -9999 -9999 -9999 -9999 -9999 -9999 -9999 -9999 -9999
1.6796 1.6846 1.7254 1.8096 1.7288 1.9039 1.8425 1.8575 1.9167 2.0140 2.0504 2.0877 2.1303 2.1189 2.2532 2.2767 2.2425 2.3423 2.3716 2.4084 2.4094 2.4543 2.4750 2.4937 2.4459 2.5422 2.4714 2.4664 2.4857 2.5092 2.5319 2.5673 2.6231 2.6315 2.7355 2.7150 2.7596 2.7556 2.7172 2.7626 -9999 -9999 -9999 -9999 -9999 -9999 -9999 -9999 -9999 -9999 -9999 -9999 -9999 -9999 -9999 -9999 -9999 -9999 -9999 -9999
1.7307 1.7272 1.7278 1.8158 1.8329 1.8930 1.8393 1.9077 1.9933 1.9667 2.0840 2.1280 2.1437 2.1552 2.2188 2.2352 2.2726 2.3469 2.3743 2.4406 2.3447 2.3722 2.4099 2.4447 2.4855 2.4648 2.4967 2.5025 2.4561 2.5184 2.5402 2.5360 2.6242 2.6571 2.6383 2.6644 2.9565 2.8683 2.7369 2.7673 -9999 -9999 -9999 -9999 -9999 -9999 -9999 -9999 -9999 -9999 -9999 -9999 -9999 -9999 -9999 -9999 -9999 -9999 -9999 -9999
1.6489 1.6919 1.8386 1.8865 2.0327 1.9226 1.8934 1.9833 1.9721 1.9913 2.0699 2.1042 2.1590 2.1690 2.1761 2.2163 2.2715 2.3073 2.3486 2.3873 2.3037 2.3667 2.4191 2.5585 2.4474 2.6725 2.4381 2.5245 2.4979 2.5184 2.5745 2.5743 2.6195 2.6548 2.6723 2.7090 2.8827 2.8364 2.7381 2.7833 -9999 -9999 -9999 -9999 -9999 -9999 -9999 -9999 -9999 -9999 -9999 -9999 -9999 -9999 -9999 -9999 -9999 -9999 -9999 -9999
1.7692 1.6281 1.7550 1.7256 1.8549 2.0222 1.9582 1.9001 2.1006 2.1308 2.0039 2.0779 2.1414 2.1478 2.1171 2.2417 2.2851 2.3603 2.5714 2.4547 2.4072 2.4290 2.4527 2.4342 2.3943 2.5657 2.5413 2.4926 2.5287 2.5408 2.5877 2.6127 2.6296 2.6679 2.7212 2.7041 2.8515 2.7817 2.7572 2.8108 -9999 -9999 -9999 -9999 -9999 -9999 -9999 -9999 -9999 -9999 -9999 -9999 -9999 -9999 -9999 -9999 -9999 -9999 -9999 -9999
1.7122 1.7523 1.8537 1.7466 1.8474 1.8710 1.9554 1.9727 2.0322 1.9981 2.0706 2.0760 2.1390 2.1556 2.1947 2.1882 2.3815 2.4211 2.3364 2.4000 2.4117 2.3928 2.4588 2.4457 2.4848 2.4480 2.5673 2.5436 2.5441 2.5664 2.6086 2.6366 2.6140 2.6612 2.7058 2.7644 2.8123 2.8437 2.7829 2.8080 -9999 -9999 -9999 -9999 -9999 -9999 -9999 -9999 -9999 -9999 -9999 -9999 -9999 -9999 -9999 -9999 -9999 -9999 -9999 -9999
1.7412 1.7583 1.9032 1.8403 1.8752 1.9092 1.9344 1.9979 2.0260 2.0426 2.1107 2.1206 2.1465 2.1749 2.2051 2.2669 2.2387 2.3290 2.2845 2.3560 2.3523 2.4317 2.4577 2.4662 2.6480 2.4950 2.5856 2.5400 2.5654 2.5780 2.6108 2.6158 2.8262 2.7134 2.7365 2.7789 2.7702 2.8106 2.8524 2.8239 -9999 -9999 -9999 -9999 -9999 -9999 -9999 -9999 -9999 -9999 -9999 -9999 -9999 -9999 -9999 -9999 -9999 -9999 -9999 -9999
1.6989 1.6917 1.7952 1.9839 1.9458 1.8759 2.0162 2.0523 2.0624 2.0579 1.9944 2.1563 2.1458 2.1986 2.2125 2.2426 2.3155 2.3347 2.3314 2.3458 2.4460 2.3959 2.4627 2.4600 2.4722 2.4535 2.2981 2.4536 2.5912 2.5840 2.6027 2.6178 2.6585 2.6559 2.7237 2.7570 2.7779 2.7836 2.8184 2.8320 2.8199 2.8390 2.8290 2.8611 2.8626 2.8943 2.9142 2.9031 2.9079 2.9019 2.9301 3.0006 2.8537 2.8395 -9999 -9999 -9999 -9999 2.8603 2.9820
1.6229 1.7253 1.8443 1.6925 2.0664 1.9223 1.9031 2.1751 2.0896 2.0980 2.1206 2.1446 2.1636 2.1858 2.2305 2.2678 2.2733 2.3736 2.3251 2.3917 2.4077 2.4808 2.4775 2.5329 2.4737 2.4657 2.5078 2.4888 2.5247 2.5181 2.6060 2.6479 2.6670 2.5238 2.6805 2.7634 2.7585 2.7938 2.8369 2.8210 2.8123 2.8164 2.8474 2.8599 2.8258 2.9190 2.9041 2.8786 2.9061 2.8714 2.8889 2.8939 2.8850 2.9019 2.8653 3.1202 2.7768 2.8371 2.7177 2.9825
1.7063 1.7117 1.7340 1.7305 1.8288 1.8745 1.9897 2.0154 2.2840 2.2018 2.1609 2.3109 2.2884 2.3732 2.2385 2.2388 2.1940 2.3409 2.3543 2.3626 2.4356 2.4338 2.4349 2.4638 2.4858 2.5086 2.5192 2.5272 2.5424 2.5665 2.5609 2.6537 2.6374 2.6929 2.7231 2.7750 2.6875 2.7404 2.7669 2.8609 2.8657 2.9445 2.7704 2.8240 2.8494 2.8832 2.8935 2.9250 2.9125 2.8747 2.8960 2.8828 2.8478 2.8207 2.9152 3.1954 3.0677 2.9294 2.8925 2.9788
1.6940 1.6878 1.7473 1.7867 1.8362 1.9997 2.0027 2.0271 2.0112 2.2232 2.1142 2.1702 2.1681 2.4726 2.3767 2.2686 2.2542 2.3157 2.2906 2.3963 2.4312 2.2778 2.4301 2.4089 2.4164 2.4554 2.5004 2.5223 2.5509 2.5808 2.6161 2.6396 2.6817 2.5523 2.6678 2.3186 2.7764 2.3954 2.6870 2.8297 2.7723 2.8755 2.8890 2.9006 2.8537 2.9005 2.9244 2.9605 2.9564 2.8965 2.8751 2.8775 2.9179 2.8730 2.8637 2.9538 2.9405 3.0164 2.9134 2.9455
1.6790 1.6595 1.7129 1.7634 1.8345 1.8754 2.0021 2.0176 2.0768 2.0656 2.1552 2.1807 2.1992 2.2484 2.4091 2.3385 2.4436 2.3234 2.3413 2.3948 2.3945 2.4724 2.4202 2.4488 2.4729 2.4838 2.5194 2.5577 2.5440 2.5825 2.6122 2.6423 2.6795 2.6834 2.6412 2.7939 2.7751 2.1386 3.0545 2.7889 2.8106 2.7737 2.8316 3.0231 2.9380 2.9391 2.9279 2.9224 2.8954 2.9510 2.9140 2.9171 2.9150 2.8945 2.8874 2.9268 2.9256 2.8281 2.8410 2.8130
1.6511 1.6011 1.7624 1.7099 1.8537 1.8984 2.0501 2.0258 2.1058 2.1233 2.1014 2.2357 2.2162 2.2963 2.4041 2.3780 2.4476 2.3779 2.3738 2.4188 2.3975 2.3620 2.3770 2.6253 2.4728 2.5513 2.5396 2.4572 2.7657 2.6213 2.6096 2.6325 2.7021 2.6942 2.6837 2.6986 2.6914 2.8992 2.7108 2.3154 2.6351 2.7694 2.8396 2.9720 2.9735 2.9133 2.8866 2.8850 2.8627 2.9447 2.8948 2.8980 2.9031 2.8858 2.9006 2.8649 2.9118 3.0469 2.7796 2.9074
1.5635 1.6702 1.7386 1.7009 1.7822 1.8981 1.9158 1.9637 2.0812 2.1350 2.1737 2.1814 2.2460 2.3133 2.3650 2.4688 2.3852 2.4257 2.3391 2.3840 2.4881 2.4421 2.3823 2.5297 2.5539 2.6156 2.6435 2.5524 2.6612 2.6268 2.7272 2.6804 2.6686 2.6915 2.6578 2.7360 2.5580 2.6972 2.8092 2.5807 2.4922 2.6303 2.6752 2.8634 2.9032 2.9296 2.8592 2.9662 2.8699 2.7161 2.9290 2.8929 2.7192 2.8225 2.8942 2.8061 2.9862 2.8872 2.9036 2.7099
1.6554 1.6828 1.7141 1.7434 1.7938 1.8368 1.9125 1.9457 1.9454 2.0252 2.0864 2.2148 2.1892 2.1734 2.3362 2.3628 2.3825 2.5580 2.4289 2.4918 2.4675 2.4718 2.4265 2.5470 2.5598 2.6146 2.5490 2.5237 2.7105 2.6947 2.5887 2.6891 2.7059 2.7269 2.7359 2.7243 2.7802 2.7576 3.0018 3.0140 2.2921 2.8033 2.6509 2.8867 2.9083 2.8693 2.8819 2.8302 2.6520 2.8419 2.9783 2.8800 2.7860 2.7775 2.9392 2.8418 2.8472 2.9545 2.9300 2.8695
1.6303 1.6662 1.7254 1.7493 1.8438 1.8521 1.9375 1.9065 2.0782 2.0768 2.2290 2.1071 2.0506 2.2405 2.3909 2.3861 2.4672 2.4145 2.5412 2.4669 2.5006 2.6179 2.4766 2.8628 2.5876 2.7984 2.6245 2.5131 2.6695 2.8237 2.8313 2.6988 2.6912 2.7875 2.7659 2.7950 2.9387 2.8190 2.9205 2.5249 2.6450 2.3680 2.2978 2.7926 2.8172 2.9373 2.9273 2.7907 2.6002 2.8026 2.8576 2.8723 2.8467 2.9267 2.9677 2.9687 2.7662 2.7501 2.8856 2.8906
1.5869 1.6978 1.7157 1.7571 1.8314 1.8580 1.8810 1.9238 2.0055 2.0879 2.1145 2.1288 2.1370 2.2771 2.3876 2.2997 2.3382 2.4609 2.5082 2.5204 2.2480 2.5248 2.5526 2.5775 2.7765 2.6135 2.7013 2.6278 2.6889 2.6580 2.7660 2.7726 2.6976 2.8070 2.7886 2.8633 2.9033 2.8302 2.8173 2.8664 2.9270 2.9557 2.3230 2.2716 2.6605 2.6579 2.5820 2.6911 2.4909 2.7836 2.7640 3.0405 2.8306 2.8733 2.9419 2.8685 2.8885 2.8290 2.7296 2.8304
1.6483 1.7633 1.7427 1.7689 1.8152 1.8422 1.9544 1.9763 2.0602 2.0933 2.1526 2.1359 1.9858 2.3216 2.4554 2.4031 2.3961 2.4951 2.4971 2.3811 2.3790 2.3649 2.5432 2.6146 2.5280 2.7412 2.7487 2.6566 2.6708 2.5583 2.9845 2.7968 2.8076 2.7756 2.8057 2.8157 2.8819 2.9121 2.9456 2.8913 2.9101 2.9154 2.9938 2.5831 2.1989 2.1238 2.8421 2.7395 2.8688 2.8212 2.8287 2.8603 2.7367 2.4521 2.8723 2.8963 2.8473 2.8750 2.8205 2.8332
1.6207 1.6976 1.7390 1.7600 1.8114 1.7460 1.9621 1.9734 1.9868 2.0291 2.1288 2.1813 2.3066 2.3358 2.3576 2.4617 2.5954 2.4325 2.4322 2.4414 2.4103 2.4492 2.3918 2.6534 2.6025 2.6770 2.6726 2.7322 2.7274 2.7235 2.6925 2.7511 2.7989 2.8121 2.8156 2.8031 2.8591 3.0561 2.8489 2.8889 2.9260 2.8463 2.8776 2.8476 2.0656 2.6228 2.8309 2.7609 2.7820 3.1139 2.8085 2.6846 2.7090 3.0614 2.8691 2.8586 2.8566 2.8451 2.8236 2.7866
1.6528 1.7175 1.7768 1.7769 1.8166 1.7682 1.9166 2.0041 1.8733 1.9790 2.1150 2.1464 2.0691 2.3842 2.3787 2.2439 2.4723 2.7133 2.4159 2.7142 2.3858 2.4358 2.2465 2.5784 2.5601 2.6915 2.5815 2.6652 2.7493 2.5669 2.6392 2.7283 2.8482 2.7935 2.7871 2.6519 2.8558 2.8064 2.8989 2.8896 2.7992 2.7865 2.8852 3.0646 2.5394 2.4022 2.9348 2.7074 2.7267 2.2271 2.2003 2.5189 2.6520 2.9719 2.6692 2.7879 2.8648 2.7834 2.6918 2.7026
1.6626 1.7138 1.7693 1.7724 1.8403 1.8797 1.9299 2.0112 2.0311 2.0543 2.1133 2.1740 2.1953 2.2523 2.3792 2.4049 2.4397 2.4359 2.4343 2.3914 2.4007 2.5795 2.3670 2.5999 2.6452 2.5361 2.5190 2.5676 2.6988 2.5035 2.6660 2.6565 2.7017 2.8442 2.8191 2.7750 2.7593 2.7432 2.8928 2.8225 2.6218 2.7900 2.9040 3.1752 2.8047 2.0807 2.5214 2.7339 2.7693 1.9180 2.5452 2.8225 2.7343 2.9405 2.8696 2.7709 2.7618 2.7466 2.8004 2.6914
1.6869 1.6660 1.4603 1.7718 1.8059 1.8411 1.9342 1.9718 2.0344 2.0615 2.0937 2.0377 2.2007 2.1666 2.3569 2.3392 2.3429 2.3813 2.3945 2.4700 2.4013 2.5120 2.4913 2.4546 2.5392 2.6470 2.8018 2.6348 2.7174 2.6656 2.6560 2.6344 2.7433 2.8236 2.8044 2.7440 2.6665 2.7396 2.7869 2.9856 2.9362 2.8394 2.9045 2.8706 3.0406 2.8564 2.3731 2.4986 2.4359 2.2877 2.8006 2.5771 2.7496 2.8136 2.8941 2.7722 2.7668 2.6571 2.6403 2.6755
1.6420 1.6893 1.6018 1.7376 1.8127 1.8680 1.9249 1.9814 1.9975 2.0335 2.1078 2.2516 2.1735 2.1861 2.3210 2.3015 2.3565 2.3895 2.4294 2.4449 2.4768 2.3534 2.4757 2.4596 2.4452 2.0391 2.6269 2.6689 2.6790 2.6817 2.6728 2.6684 2.7118 2.7494 2.7862 2.7524 2.7394 2.8680 2.7651 2.8283 2.9226 2.8938 2.6735 2.8510 2.8215 2.4646 2.3570 2.1999 2.2710 2.4638 2.7179 2.7691 2.4806 2.6838 2.7971 2.8030 2.7000 2.7319 2.6772 2.6888
1.5554 1.6268 1.7014 1.7406 1.8269 1.6700 1.9523 1.9751 2.0306 2.0726 2.1185 2.1968 2.1345 2.1902 2.2898 2.3550 2.3540 2.4287 2.4599 2.4026 2.4819 2.5645 2.5009 2.4886 2.6539 2.6499 2.6243 2.6648 2.5947 2.6504 2.5485 2.6732 2.6586 2.7476 2.7046 2.7391 2.7688 2.8331 2.8178 2.7950 2.8649 2.8629 2.9607 2.7551 2.8928 3.1395 2.7897 2.0858 2.9677 2.5547 2.7050 2.7586 2.7778 2.6797 2.8400 2.6052 2.7175 2.6226 2.6755 2.5522
1.5997 1.7082 1.5322 1.7301 1.7103 1.8649 1.9330 1.9842 2.0253 2.0744 2.1060 2.1744 2.1107 2.2053 2.2741 2.3302 2.1478 2.4135 2.4294 2.4562 2.5019 2.4910 2.6971 2.6019 2.5407 2.4856 2.6863 2.6275 2.6040 2.7178 2.6559 2.6435 2.6704 2.7549 2.7204 2.7732 2.7138 2.7778 2.8335 2.7905 2.7679 2.8275 3.0511 2.4447 2.6357 2.4850 2.2119 2.3320 2.5524 2.7086 2.3674 2.7377 2.7176 2.9466 2.7453 2.8005 2.6450 2.7038 2.6195 2.5739
1.4633 1.6699 1.7231 1.7614 1.7943 1.8579 1.8834 1.9951 2.0429 2.0462 2.0757 2.1454 2.1254 2.0940 2.2793 2.2728 2.3685 2.3611 2.3706 2.5712 2.5471 2.5283 2.5869 2.5644 2.5394 2.4753 2.5680 2.6683 2.4417 2.7136 2.7736 2.7389 2.7723 2.6948 2.8895 2.7042 2.7526 2.8694 2.8983 2.8199 2.7524 2.8526 2.6575 2.8485 2.2956 2.5942 2.0389 2.6776 2.4453 2.7369 2.8387 2.9426 2.7459 2.6804 2.8443 2.8177 2.6594 2.7411 2.6115 2.5506
