tests/files/spatial_manager/layers/compound/US/US0101201603.asc
ncols	60
nrows	60
xllcorner	390242.99999940
yllcorner	3870256.0000075
cellsize	500.00000000000
NODATA_value	-9999.000000
[rows 0 to 38 of 60, columns 0 to 59 of 60]
4.7451 4.5444 4.5816 4.4807 4.6492 4.4473 4.5410 4.2168 4.8648 4.7665 4.4712 4.5162 4.4594 4.4502 4.3011 4.3395 4.3246 4.2672 4.2424 4.2640 4.2440 4.1628 4.1624 4.1111 3.9849 4.0243 4.1026 3.9375 3.8533 3.8290 3.7949 3.7700 3.7858 3.6774 3.5907 3.5837 3.5400 3.4440 3.4707 3.4365 -9999 -9999 -9999 -9999 -9999 -9999 -9999 -9999 -9999 -9999 -9999 -9999 -9999 -9999 -9999 -9999 -9999 -9999 -9999 -9999
4.5245 4.4703 4.4786 4.6585 4.6057 4.3343 4.2898 4.5806 4.4157 4.5218 4.4339 4.8197 4.3649 4.2344 4.6857 4.2746 4.3073 4.2639 4.2169 4.0444 4.2967 4.2431 4.1235 4.0532 3.9781 3.8853 3.9541 3.9677 3.8240 3.7596 3.7815 3.7318 3.7042 3.6846 3.6732 3.6057 3.5849 3.5061 3.4435 3.4173 -9999 -9999 -9999 -9999 -9999 -9999 -9999 -9999 -9999 -9999 -9999 -9999 -9999 -9999 -9999 -9999 -9999 -9999 -9999 -9999
4.4847 4.5435 4.6316 4.5618 4.5561 4.4544 3.9523 4.3789 4.4516 4.4722 4.5177 4.4317 4.4616 4.2564 4.3453 4.2680 4.1678 4.2511 4.1501 4.2153 4.0534 4.2519 4.1404 3.9911 3.9413 3.8556 4.0055 3.8585 3.8030 3.7591 3.6685 3.7065 3.6775 3.6241 3.6275 3.5528 3.5952 3.5042 3.3788 3.3836 -9999 -9999 -9999 -9999 -9999 -9999 -9999 -9999 -9999 -9999 -9999 -9999 -9999 -9999 -9999 -9999 -9999 -9999 -9999 -9999
4.8024 4.6198 4.3908 4.7576 4.5941 4.4332 4.3783 4.3707 4.3688 4.4216 4.4814 4.4926 4.4489 4.3449 4.4327 4.1988 4.2560 4.1759 4.0007 4.1399 4.2756 4.3488 4.0777 3.8964 3.9039 3.8496 3.8034 3.8240 3.7700 3.6750 3.7345 3.6467 3.6009 3.5961 3.5183 3.6122 3.5645 3.5127 3.4428 3.4431 -9999 -9999 -9999 -9999 -9999 -9999 -9999 -9999 -9999 -9999 -9999 -9999 -9999 -9999 -9999 -9999 -9999 -9999 -9999 -9999
4.6018 4.8805 4.2448 4.5295 4.5371 4.4830 4.3804 4.2560 4.2602 4.6768 4.4373 4.3613 4.2893 4.3339 4.2914 4.3650 4.2077 4.1681 4.0971 3.9515 3.9065 4.2265 4.0506 3.9855 3.9210 3.8302 3.7915 3.7815 3.7638 3.7304 3.6623 3.6613 3.5536 3.5957 3.5501 3.4433 3.6542 3.4540 3.3370 3.2646 -9999 -9999 -9999 -9999 -9999 -9999 -9999 -9999 -9999 -9999 -9999 -9999 -9999 -9999 -9999 -9999 -9999 -9999 -9999 -9999
5.2440 4.8419 4.9639 4.8666 4.7515 4.6458 4.4344 4.2792 4.3644 4.3213 4.3725 4.3712 4.3503 4.2520 4.1792 4.2034 4.2080 4.1183 4.0629 4.0670 4.0709 4.1077 3.9970 3.9281 3.9119 3.7768 3.7976 3.7462 3.8113 3.6745 3.7185 3.6141 3.5100 3.5406 3.4679 3.5058 3.4831 3.3922 3.3913 3.3465 -9999 -9999 -9999 -9999 -9999 -9999 -9999 -9999 -9999 -9999 -9999 -9999 -9999 -9999 -9999 -9999 -9999 -9999 -9999 -9999
5.6919 5.4241 5.0767 4.5803 4.7898 4.4813 4.3633 4.3254 4.5034 4.3477 4.3708 4.3387 4.2969 4.3136 4.2493 4.3195 4.1230 4.1126 4.1086 4.0750 4.0938 4.0646 4.2258 4.0319 3.8999 3.8087 3.7612 3.6449 3.6679 3.6747 3.6036 3.5654 3.5976 3.5221 3.5414 3.4414 3.4287 3.3439 3.3498 3.3117 -9999 -9999 -9999 -9999 -9999 -9999 -9999 -9999 -9999 -9999 -9999 -9999 -9999 -9999 -9999 -9999 -9999 -9999 -9999 -9999
5.1733 5.3086 5.0464 4.8795 4.5704 4.5291 4.3617 4.1414 4.5006 4.4501 4.2806 4.3658 4.2613 4.2814 4.2334 4.1183 4.0766 4.0915 4.1126 4.0173 3.9679 3.9812 4.1508 4.0372 3.9758 3.7842 3.7430 3.7010 3.6365 3.6504 3.5782 3.5637 3.5490 3.5003 3.4361 3.4739 3.3170 3.4590 3.2782 3.2521 -9999 -9999 -9999 -9999 -9999 -9999 -9999 -9999 -9999 -9999 -9999 -9999 -9999 -9999 -9999 -9999 -9999 -9999 -9999 -9999
4.7931 5.6048 4.8325 4.7819 4.5493 4.4375 4.3047 4.2405 4.2497 4.3437 4.3156 4.3200 4.4451 4.3422 4.1678 4.1266 4.0924 4.0426 3.9896 3.9473 3.9613 3.9347 3.9385 3.9181 4.0438 3.8400 3.8231 3.7098 3.6593 3.6350 3.5286 3.5262 3.5308 3.4776 3.4561 3.3589 3.3109 3.2977 3.2859 3.2383 -9999 -9999 -9999 -9999 -9999 -9999 -9999 -9999 -9999 -9999 -9999 -9999 -9999 -9999 -9999 -9999 -9999 -9999 -9999 -9999
5.4460 4.6211 5.1080 4.6009 4.5312 4.5820 4.2797 4.2787 4.2813 3.9627 4.2734 4.3144 4.2610 4.3780 4.3943 4.1928 4.0883 3.9685 3.9997 3.9361 3.9184 3.9684 3.7780 3.8789 3.9028 3.8175 3.7163 3.7119 3.6260 3.6916 3.5358 3.4998 3.4878 3.4945 3.4689 3.5260 3.2754 3.2706 3.2397 3.1807 -9999 -9999 -9999 -9999 -9999 -9999 -9999 -9999 -9999 -9999 -9999 -9999 -9999 -9999 -9999 -9999 -9999 -9999 -9999 -9999
4.3739 4.4744 4.6821 4.3907 4.4002 4.3582 4.2866 4.3305 4.3010 4.1986 4.2643 4.2603 4.3802 4.0347 4.3757 4.4221 4.1067 4.0068 3.9113 3.8999 3.8770 3.6634 3.8176 3.8914 3.8451 3.7927 3.7279 3.6705 3.6062 3.6269 3.4100 3.4394 3.4385 3.4505 3.3342 3.3880 3.2823 3.2331 3.2088 3.1798 -9999 -9999 -9999 -9999 -9999 -9999 -9999 -9999 -9999 -9999 -9999 -9999 -9999 -9999 -9999 -9999 -9999 -9999 -9999 -9999
4.4635 4.7530 4.4808 4.5461 4.3451 4.2335 4.2323 4.0646 4.4008 4.2783 4.2369 4.2694 4.1618 4.0917 4.2113 4.1668 4.1534 4.0012 3.9706 3.9014 3.8811 3.8558 3.8387 3.7409 3.8123 3.7549 3.7658 3.6727 3.6499 3.5970 3.4709 3.3950 3.3946 3.4592 3.2597 3.3797 3.2498 3.2700 3.1818 3.1422 -9999 -9999 -9999 -9999 -9999 -9999 -9999 -9999 -9999 -9999 -9999 -9999 -9999 -9999 -9999 -9999 -9999 -9999 -9999 -9999
4.4730 4.2270 4.4172 4.4035 4.2735 4.2975 4.1239 4.1140 4.1718 4.3265 4.1897 4.2921 4.1247 4.1099 4.1917 4.1808 4.1529 4.0897 4.0747 3.9370 3.9061 3.9062 3.6870 3.7176 3.6863 3.7461 3.6566 3.6102 3.6464 3.4793 3.4130 3.3654 3.4799 3.3746 3.2406 3.3978 3.2922 3.2068 3.1740 3.1251 -9999 -9999 -9999 -9999 -9999 -9999 -9999 -9999 -9999 -9999 -9999 -9999 -9999 -9999 -9999 -9999 -9999 -9999 -9999 -9999
4.1605 4.1824 4.3853 4.6089 4.3136 4.1694 4.0134 4.1645 4.0527 4.1775 4.2384 4.1019 4.1752 4.0968 4.0510 4.1216 4.1383 4.0333 4.0332 4.0353 3.9110 3.8872 3.7811 3.7593 3.6218 3.6385 3.6311 3.5878 3.4592 3.4202 3.4017 3.3691 3.3812 3.3296 3.3204 3.3037 3.2559 3.2074 3.1351 3.1205 -9999 -9999 -9999 -9999 -9999 -9999 -9999 -9999 -9999 -9999 -9999 -9999 -9999 -9999 -9999 -9999 -9999 -9999 -9999 -9999
4.1173 4.0474 4.0625 4.1751 3.9084 4.2170 3.9983 3.9486 3.9912 4.1078 4.0960 4.0844 4.0817 3.9758 4.1401 4.0964 3.9513 4.0415 4.0072 3.9851 3.9044 3.8953 3.8475 3.7975 3.6490 3.7161 3.5402 3.4628 3.4212 3.3861 3.3509 3.3329 3.3415 3.2901 3.3579 3.2731 3.2686 3.2078 3.1100 3.1102 -9999 -9999 -9999 -9999 -9999 -9999 -9999 -9999 -9999 -9999 -9999 -9999 -9999 -9999 -9999 -9999 -9999 -9999 -9999 -9999
4.2342 4.1398 4.0568 4.1760 4.1286 4.1759 3.9732 4.0354 4.1286 3.9883 4.1375 4.1362 4.0791 4.0146 4.0460 3.9900 3.9713 4.0149 3.9765 4.0019 3.7643 3.7294 3.7101 3.6862 3.6712 3.5666 3.5401 3.4776 3.3458 3.3638 3.3275 3.2589 3.3091 3.2890 3.2067 3.1810 3.4684 3.3080 3.1043 3.0882 -9999 -9999 -9999 -9999 -9999 -9999 -9999 -9999 -9999 -9999 -9999 -9999 -9999 -9999 -9999 -9999 -9999 -9999 -9999 -9999
4.0258 4.0450 4.3042 4.3240 4.5613 4.2233 4.0711 4.1741 4.0623 4.0144 4.0838 4.0626 4.0792 4.0104 3.9373 3.9244 3.9363 3.9129 3.8983 3.8786 3.6638 3.6850 3.6881 3.8197 3.5787 3.8281 3.4219 3.4724 3.3680 3.3294 3.3382 3.2747 3.2702 3.2537 3.2163 3.2033 3.3502 3.2413 3.0779 3.0793 -9999 -9999 -9999 -9999 -9999 -9999 -9999 -9999 -9999 -9999 -9999 -9999 -9999 -9999 -9999 -9999 -9999 -9999 -9999 -9999
4.3100 3.8824 4.0960 3.9414 4.1458 4.4226 4.1903 3.9782 4.3027 4.2698 3.9281 3.9846 4.0169 3.9412 3.8004 3.9368 3.9261 3.9678 4.2297 3.9511 3.7922 3.7454 3.7026 3.5979 3.4658 3.6379 3.5303 3.3934 3.3746 3.3248 3.3213 3.2901 3.2501 3.2377 3.2436 3.1673 3.2834 3.1501 3.0724 3.0835 -9999 -9999 -9999 -9999 -9999 -9999 -9999 -9999 -9999 -9999 -9999 -9999 -9999 -9999 -9999 -9999 -9999 -9999 -9999 -9999
4.1616 4.1672 4.3127 3.9749 4.1125 4.0737 4.1639 4.1080 4.1385 3.9791 4.0322 3.9532 3.9830 3.9253 3.9082 3.8108 4.0565 4.0337 3.8080 3.8270 3.7629 3.6537 3.6750 3.5787 3.5605 3.4358 3.5301 3.4276 3.3606 3.3242 3.3143 3.2871 3.1990 3.1982 3.1947 3.2078 3.2089 3.1920 3.0746 3.0551 -9999 -9999 -9999 -9999 -9999 -9999 -9999 -9999 -9999 -9999 -9999 -9999 -9999 -9999 -9999 -9999 -9999 -9999 -9999 -9999
4.2221 4.1694 4.4132 4.1726 4.1569 4.1376 4.0981 4.1376 4.1014 4.0420 4.0826 4.0095 3.9671 3.9294 3.8947 3.9145 3.7798 3.8454 3.6889 3.7212 3.6347 3.6767 3.6368 3.5725 3.7559 3.4661 3.5190 3.3878 3.3543 3.3055 3.2840 3.2289 3.4250 3.2297 3.2007 3.1951 3.1327 3.1277 3.1251 3.0478 -9999 -9999 -9999 -9999 -9999 -9999 -9999 -9999 -9999 -9999 -9999 -9999 -9999 -9999 -9999 -9999 -9999 -9999 -9999 -9999
4.1091 3.9996 4.1486 4.4807 4.2947 4.0461 4.2493 4.2263 4.1498 4.0458 3.8312 4.0473 3.9357 3.9405 3.8754 3.8393 3.8748 3.8195 3.7295 3.6698 3.7428 3.5868 3.6079 3.5276 3.4711 3.3738 3.0959 3.2393 3.3538 3.2800 3.2413 3.1998 3.1909 3.1315 3.1563 3.1416 3.1141 3.0715 3.0629 3.0328 2.9777 2.9578 2.9098 2.9073 2.8756 2.8763 2.8672 2.8298 2.8105 2.7832 2.7908 2.8406 2.6873 2.6621 -9999 -9999 -9999 -9999 2.6560 2.7705
3.9149 4.0664 4.2467 3.8072 4.5405 4.1258 3.9895 4.4533 4.1785 4.0974 4.0451 3.9957 3.9375 3.8860 3.8741 3.8486 3.7701 3.8474 3.6843 3.7055 3.6483 3.6771 3.5931 3.5955 3.4379 3.3560 3.3441 3.2526 3.2349 3.1646 3.2135 3.2053 3.1707 2.9482 3.0781 3.1211 3.0660 3.0576 3.0587 2.9984 2.9484 2.9144 2.9102 2.8889 2.8231 2.8864 2.8444 2.7948 2.7990 2.7457 2.7448 2.7343 2.7130 2.7183 2.6758 2.9074 2.5839 2.6386 2.5283 2.7775
4.1047 4.0213 3.9780 3.8767 3.9999 4.0028 4.1481 4.1018 4.5382 4.2711 4.0924 4.2731 4.1318 4.1844 3.8549 3.7659 3.6056 3.7592 3.6951 3.6250 3.6542 3.5715 3.4958 3.4621 3.4197 3.3799 3.3254 3.2696 3.2252 3.1937 3.1274 3.1817 3.1062 3.1170 3.0993 3.1074 2.9623 2.9752 2.9605 3.0187 2.9838 3.0272 2.8144 2.8367 2.8322 2.8377 2.8223 2.8295 2.7964 2.7417 2.7459 2.7196 2.6754 2.6411 2.7227 2.9795 2.8581 2.7292 2.6970 2.7819
4.0633 3.9520 3.9934 3.9853 3.9972 4.2480 4.1516 4.1007 3.9702 4.2828 3.9749 3.9821 3.8834 4.3233 4.0574 3.7821 3.6706 3.6837 3.5606 3.6409 3.6115 3.3093 3.4539 3.3507 3.2906 3.2748 3.2674 3.2307 3.2040 3.1801 3.1641 3.1351 3.1294 2.9279 3.0101 2.5745 3.0357 2.5805 2.8539 2.9649 2.8676 2.9382 2.9181 2.8984 2.8228 2.8426 2.8416 2.8545 2.8307 2.7564 2.7216 2.7117 2.7397 2.6901 2.6762 2.7573 2.7440 2.8164 2.7238 2.7597
4.0151 3.8721 3.8994 3.9159 3.9738 3.9628 4.1264 4.0560 4.0724 3.9513 4.0217 3.9702 3.9070 3.8981 4.0768 3.8634 3.9422 3.6610 3.6043 3.6030 3.5218 3.5560 3.4053 3.3719 3.3335 3.2794 3.2593 3.2437 3.1641 3.1517 3.1296 3.1094 3.0987 3.0513 2.9549 3.0770 3.0106 2.2867 3.2212 2.9027 2.8890 2.8176 2.8447 3.0059 2.8935 2.8692 2.8353 2.8096 2.7659 2.8033 2.7550 2.7471 2.7367 2.7114 2.7009 2.7363 2.7359 2.6475 2.6646 2.6453
3.9361 3.7224 3.9955 3.7798 3.9953 3.9893 4.2002 4.0466 4.1015 4.0324 3.8918 4.0382 3.9047 3.9471 4.0324 3.8929 3.9118 3.7112 3.6190 3.6032 3.4912 3.3633 3.3109 3.5785 3.3000 3.3348 3.2530 3.0857 3.4066 3.1687 3.0974 3.0698 3.0974 3.0375 2.9777 2.9486 2.8977 3.0777 2.8393 2.3945 2.6924 2.7978 2.8385 2.9417 2.9166 2.8339 2.7870 2.7669 2.7294 2.7935 2.7347 2.7286 2.7265 2.7057 2.7173 2.6838 2.7300 2.8613 2.6165 2.7454
3.7150 3.8685 3.9250 3.7422 3.8215 3.9663 3.9012 3.8971 4.0255 4.0250 3.9947 3.9084 3.9241 3.9417 3.9314 4.0044 3.7762 3.7495 3.5314 3.5164 3.5870 3.4425 3.2849 3.4137 3.3743 3.3850 3.3529 3.1742 3.2468 3.1457 3.2076 3.0979 3.0327 3.0092 2.9255 2.9667 2.7341 2.8436 2.9233 2.6528 2.5323 2.6437 2.6617 2.8225 2.8374 2.8410 2.7535 2.8390 2.7323 2.5743 2.7661 2.7244 2.5558 2.6501 2.7166 2.6354 2.8083 2.7211 2.7445 2.5708
3.9201 3.8824 3.8526 3.8173 3.8260 3.8161 3.8703 3.8357 3.7363 3.7896 3.8043 3.9360 3.7923 3.6710 3.8483 3.7969 3.7362 3.9159 3.6312 3.6392 3.5220 3.4495 3.3125 3.4028 3.3486 3.3506 3.2016 3.1086 3.2760 3.1975 3.0176 3.0811 3.0494 3.0243 2.9882 2.9322 2.9509 2.8882 3.1047 3.0805 2.3168 2.8042 2.6264 2.8349 2.8332 2.7751 2.7695 2.7047 2.5224 2.6925 2.8131 2.7143 2.6221 2.6127 2.7656 2.6770 2.6872 2.7960 2.7823 2.7362
3.8468 3.8286 3.8605 3.8110 3.9110 3.8251 3.8962 3.7331 3.9626 3.8568 4.0322 3.7136 3.5218 3.7507 3.9025 3.7987 3.8322 3.6605 3.7618 3.5672 3.5338 3.6172 3.3473 3.7869 3.3517 3.5513 3.2649 3.0665 3.1968 3.3206 3.2716 3.0661 3.0082 3.0675 2.9985 2.9871 3.0983 2.9342 3.0031 2.5668 2.6605 2.3585 2.2679 2.7334 2.7370 2.8346 2.8085 2.6641 2.4720 2.6555 2.7009 2.7104 2.6841 2.7597 2.8008 2.8064 2.6215 2.6146 2.7544 2.7720
3.7306 3.8851 3.8210 3.8085 3.8630 3.8142 3.7580 3.7409 3.7960 3.8476 3.7942 3.7205 3.6384 3.7779 3.8615 3.6268 3.5972 3.6947 3.6766 3.6086 3.1453 3.4540 3.4160 3.3762 3.5615 3.2850 3.3288 3.1768 3.1910 3.0983 3.1690 3.1242 2.9916 3.0657 3.0015 3.0395 3.0417 2.9285 2.8813 2.8998 2.9311 2.9323 2.2850 2.2172 2.5788 2.5606 2.4744 2.5676 2.3681 2.6392 2.6157 2.8743 2.6753 2.7174 2.7863 2.7229 2.7502 2.7037 2.6204 2.7313
3.8601 4.0175 3.8627 3.8138 3.8071 3.7584 3.8788 3.8159 3.8707 3.8274 3.8311 3.7011 3.3514 3.8170 3.9344 3.7542 3.6509 3.7097 3.6245 3.3757 3.2959 3.2034 3.3702 3.3914 3.2117 3.4129 3.3560 3.1827 3.1416 2.9566 3.3912 3.1265 3.0900 3.0097 2.9995 2.9699 3.0013 2.9967 2.9975 2.9117 2.9026 2.8824 2.9362 2.5153 2.1276 2.0436 2.7220 2.6137 2.7290 2.6779 2.6817 2.7104 2.5943 2.3273 2.7316 2.7622 2.7252 2.7636 2.7247 2.7527
3.7805 3.8507 3.8355 3.7741 3.7768 3.5395 3.8677 3.7831 3.7046 3.6807 3.7575 3.7475 3.8584 3.8055 3.7426 3.8093 3.9166 3.5815 3.4957 3.4273 3.3065 3.2853 3.1389 3.4088 3.2751 3.3021 3.2335 3.2443 3.1807 3.1215 3.0350 3.0520 3.0580 3.0282 2.9906 2.9388 2.9610 3.1289 2.8857 2.8975 2.9081 2.8056 2.8154 2.7677 1.9961 2.5221 2.7111 2.6355 2.6494 2.9610 2.6688 2.5515 2.5773 2.9177 2.7416 2.7408 2.7502 2.7523 2.7466 2.7274
3.8395 3.8780 3.8990 3.7894 3.7649 3.5615 3.7522 3.8140 3.4662 3.5610 3.7019 3.6557 3.4302 3.8489 3.7409 3.4394 3.6950 3.9564 3.4386 3.7730 3.2411 3.2357 2.9199 3.2812 3.1918 3.2899 3.0955 3.1375 3.1795 2.9184 2.9521 3.0046 3.0904 2.9887 2.9423 2.7647 2.9424 2.8599 2.9243 2.8878 2.7736 2.7399 2.8174 2.9747 2.4522 2.3097 2.8120 2.5874 2.6013 2.1228 2.0970 2.4026 2.5336 2.8460 2.5643 2.6889 2.7759 2.7116 2.6382 2.6665
3.8458 3.8512 3.8623 3.7582 3.7906 3.7611 3.7517 3.7991 3.7289 3.6664 3.6677 3.6704 3.6069 3.6027 3.7066 3.6511 3.6113 3.5175 3.4311 3.2922 3.2300 3.3938 3.0475 3.2778 3.2679 3.0723 2.9945 2.9973 3.0960 2.8244 2.9601 2.9050 2.9121 3.0241 2.9591 2.8779 2.8295 2.7838 2.9075 2.8119 2.5912 2.7380 2.8320 3.0798 2.7080 2.0015 2.4186 2.6173 2.6482 1.8336 2.4346 2.7037 2.6249 2.8314 2.7734 2.6901 2.6953 2.6963 2.7671 2.6785
3.8851 3.7257 3.1706 3.7352 3.6963 3.6592 3.7333 3.6968 3.7056 3.6490 3.6029 3.4101 3.5831 3.4336 3.6375 3.5177 3.4348 3.4056 3.3426 3.3678 3.1999 3.2739 3.1777 3.0665 3.1091 3.1789 3.3026 3.0508 3.0931 2.9849 2.9282 2.8617 2.9387 2.9850 2.9282 2.8322 2.7228 2.7699 2.7923 2.9668 2.8963 2.7826 2.8303 2.7839 2.9372 2.7509 2.2804 2.3978 2.3365 2.1952 2.6905 2.4808 2.6542 2.7258 2.8159 2.7110 2.7214 2.6302 2.6321 2.6875
3.7645 3.7589 3.4589 3.6413 3.6866 3.6873 3.6885 3.6865 3.6094 3.5697 3.5960 3.7347 3.5068 3.4324 3.5485 3.4281 3.4218 3.3846 3.3589 3.3018 3.2695 3.0388 3.1291 3.0453 2.9679 2.4282 3.0713 3.0661 3.0266 2.9817 2.9271 2.8805 2.8880 2.8911 2.8952 2.8287 2.7868 2.8904 2.7631 2.8048 2.8787 2.8337 2.6048 2.7662 2.7287 2.3778 2.2704 2.1177 2.1865 2.3745 2.6242 2.6806 2.4096 2.6179 2.7418 2.7631 2.6784 2.7289 2.6943 2.7280
3.5493 3.6011 3.6533 3.6253 3.6912 3.2736 3.7134 3.6463 3.6396 3.6078 3.5830 3.6114 3.4126 3.4071 3.4680 3.4747 3.3857 3.4075 3.3689 3.2142 3.2459 3.2811 3.1327 3.0544 3.1940 3.1297 3.0442 3.0385 2.9104 2.9270 2.7733 2.8689 2.8162 2.8752 2.7982 2.8044 2.8076 2.8476 2.8100 2.7678 2.8197 2.8030 2.8861 2.6763 2.8026 3.0364 2.6957 2.0155 2.8700 2.4747 2.6267 2.6876 2.7173 2.6338 2.8067 2.5906 2.7208 2.6453 2.7203 2.6171
3.6328 3.7613 3.2711 3.5812 3.4327 3.6298 3.6495 3.6345 3.6005 3.5804 3.5308 3.5427 3.3438 3.3989 3.4120 3.4058 3.0600 3.3543 3.2961 3.2556 3.2422 3.1586 3.3490 3.1663 3.0327 2.9125 3.0926 2.9744 2.9010 2.9824 2.8731 2.8217 2.8148 2.8702 2.8038 2.8299 2.7445 2.7863 2.8216 2.7612 2.7238 2.7697 2.9776 2.3791 2.5600 2.4110 2.1457 2.2637 2.4813 2.6393 2.3140 2.6863 2.6790 2.9204 2.7375 2.8113 2.6747 2.7559 2.6926 2.6695
3.3067 3.6570 3.6570 3.6228 3.5769 3.5902 3.5288 3.6257 3.6019 3.5018 3.4497 3.4642 3.3364 3.1976 3.3880 3.2908 3.3429 3.2509 3.1867 3.3771 3.2713 3.1779 3.1849 3.0951 3.0072 2.8785 2.9351 3.0000 2.7029 2.9601 2.9841 2.9091 2.9093 2.7968 2.9683 2.7522 2.7779 2.8741 2.8839 2.7899 2.7099 2.7977 2.5984 2.7793 2.2370 2.5270 1.9871 2.6131 2.3915 2.6846 2.7950 2.9104 2.7302 2.6810 2.8638 2.8577 2.7183 2.8254 2.7159 2.6775
