tests/files/spatial_manager/layers/compound/US/US0101201601.asc
ncols	60
nrows	60
xllcorner	390242.99999940
yllcorner	3870256.0000075
cellsize	500.00000000000
NODATA_value	-9999.000000
[rows 0 to 38 of 60, columns 0 to 59 of 60]
4.8931 4.6847 4.7220 4.6169 4.7897 4.5811 4.6772 4.3430 5.0104 4.9094 4.6056 4.6527 4.5952 4.5870 4.4349 4.4763 4.4631 4.4064 4.3835 4.4091 4.3918 4.3117 4.3154 4.2667 4.1403 4.1863 4.2733 4.1068 4.0249 4.0056 3.9762 3.9568 3.9803 3.8732 3.7889 3.7887 3.7499 3.6554 3.6912 3.6623 -9999 -9999 -9999 -9999 -9999 -9999 -9999 -9999 -9999 -9999 -9999 -9999 -9999 -9999 -9999 -9999 -9999 -9999 -9999 -9999
4.6674 4.6103 4.6177 4.8023 4.7471 4.4668 4.4207 4.7202 4.5504 4.6601 4.5700 4.9687 4.5010 4.3679 4.8352 4.4130 4.4492 4.4070 4.3615 4.1864 4.4512 4.3998 4.2802 4.2118 4.1387 4.0473 4.1245 4.1446 4.0005 3.9394 3.9690 3.9236 3.9015 3.8880 3.8834 3.8195 3.8050 3.7289 3.6698 3.6494 -9999 -9999 -9999 -9999 -9999 -9999 -9999 -9999 -9999 -9999 -9999 -9999 -9999 -9999 -9999 -9999 -9999 -9999 -9999 -9999
4.6282 4.6877 4.7776 4.7047 4.6983 4.5930 4.0750 4.5149 4.5901 4.6118 4.6595 4.5719 4.6041 4.3939 4.4877 4.4101 4.3090 4.3981 4.2968 4.3680 4.2039 4.4142 4.3031 4.1528 4.1061 4.0221 4.1844 4.0368 3.9850 3.9456 3.8570 3.9039 3.8805 3.8314 3.8425 3.7709 3.8237 3.7346 3.6084 3.6211 -9999 -9999 -9999 -9999 -9999 -9999 -9999 -9999 -9999 -9999 -9999 -9999 -9999 -9999 -9999 -9999 -9999 -9999 -9999 -9999
4.9581 4.7685 4.5312 4.9090 4.7398 4.5734 4.5168 4.5091 4.5075 4.5626 4.6252 4.6380 4.5945 4.4889 4.5818 4.3424 4.4044 4.3246 4.1465 4.2945 4.4397 4.5204 4.2434 4.0598 4.0729 4.0218 3.9794 4.0072 3.9571 3.8639 3.9334 3.8479 3.8069 3.8092 3.7342 3.8417 3.7988 3.7514 3.6845 3.6927 -9999 -9999 -9999 -9999 -9999 -9999 -9999 -9999 -9999 -9999 -9999 -9999 -9999 -9999 -9999 -9999 -9999 -9999 -9999 -9999
4.7531 5.0398 4.3826 4.6759 4.6834 4.6273 4.5215 4.3933 4.3982 4.8292 4.5830 4.5059 4.4332 4.4813 4.4397 4.5186 4.3587 4.3211 4.2511 4.1039 4.0613 4.3989 4.2209 4.1584 4.0967 4.0077 3.9733 3.9692 3.9573 3.9291 3.8644 3.8706 3.7640 3.8163 3.7756 3.6695 3.9025 3.6966 3.5789 3.5087 -9999 -9999 -9999 -9999 -9999 -9999 -9999 -9999 -9999 -9999 -9999 -9999 -9999 -9999 -9999 -9999 -9999 -9999 -9999 -9999
5.4187 5.0023 5.1276 5.0265 4.9074 4.7981 4.5800 4.4201 4.5087 4.4652 4.5194 4.5197 4.5000 4.4004 4.3276 4.3556 4.3635 4.2740 4.2204 4.2289 4.2376 4.2809 4.1708 4.1044 4.0934 3.9580 3.9861 3.9387 4.0142 3.8771 3.9310 3.8280 3.7252 3.7653 3.6957 3.7440 3.7277 3.6382 3.6450 3.6046 -9999 -9999 -9999 -9999 -9999 -9999 -9999 -9999 -9999 -9999 -9999 -9999 -9999 -9999 -9999 -9999 -9999 -9999 -9999 -9999
5.8843 5.6065 5.2468 4.7333 4.9497 4.6310 4.5093 4.4707 4.6556 4.4957 4.5211 4.4897 4.4485 4.4683 4.4044 4.4804 4.2800 4.2729 4.2729 4.2424 4.2670 4.2417 4.4158 4.2192 4.0872 3.9978 3.9546 3.8389 3.8701 3.8845 3.8168 3.7838 3.8258 3.7533 3.7818 3.6830 3.6773 3.5941 3.6082 3.5749 -9999 -9999 -9999 -9999 -9999 -9999 -9999 -9999 -9999 -9999 -9999 -9999 -9999 -9999 -9999 -9999 -9999 -9999 -9999 -9999
5.3508 5.4899 5.2182 5.0453 4.7257 4.6832 4.5106 4.2834 4.6561 4.6051 4.4314 4.5216 4.4156 4.4391 4.3923 4.2762 4.2365 4.2560 4.2823 4.1878 4.1413 4.1605 4.3438 4.2311 4.1733 3.9787 3.9422 3.9050 3.8441 3.8662 3.7972 3.7895 3.7818 3.7378 3.6772 3.7257 3.5652 3.7259 3.5389 3.5183 -9999 -9999 -9999 -9999 -9999 -9999 -9999 -9999 -9999 -9999 -9999 -9999 -9999 -9999 -9999 -9999 -9999 -9999 -9999 -9999
4.9599 5.7992 4.9997 4.9473 4.7067 4.5914 4.4546 4.3890 4.3997 4.4985 4.4713 4.4781 4.6103 4.5066 4.3287 4.2894 4.2577 4.2101 4.1595 4.1202 4.1402 4.1180 4.1279 4.1128 4.2517 4.0442 4.0337 3.9213 3.8754 3.8573 3.7520 3.7573 3.7702 3.7214 3.7064 3.6101 3.5664 3.5600 3.5550 3.5111 -9999 -9999 -9999 -9999 -9999 -9999 -9999 -9999 -9999 -9999 -9999 -9999 -9999 -9999 -9999 -9999 -9999 -9999 -9999 -9999
5.6385 4.7840 5.2877 4.7628 4.6909 4.7440 4.4317 4.4318 4.4358 4.1073 4.4314 4.4762 4.4236 4.5482 4.5688 4.3632 4.2585 4.1381 4.1755 4.1142 4.1011 4.1594 3.9658 4.0783 4.1103 4.0276 3.9280 3.9309 3.8475 3.9250 3.7672 3.7369 3.7320 3.7475 3.7283 3.7981 3.5360 3.5386 3.5129 3.4563 -9999 -9999 -9999 -9999 -9999 -9999 -9999 -9999 -9999 -9999 -9999 -9999 -9999 -9999 -9999 -9999 -9999 -9999 -9999 -9999
4.5308 4.6346 4.8497 4.5480 4.5582 4.5153 4.4421 4.4888 4.4599 4.3555 4.4258 4.4242 4.5518 4.1959 4.5545 4.6070 4.2830 4.1834 4.0887 4.0821 4.0637 3.8456 4.0139 4.0982 4.0566 4.0086 3.9476 3.8944 3.8339 3.8640 3.6407 3.6800 3.6872 3.7082 3.5913 3.6575 3.5513 3.5059 3.4870 3.4630 -9999 -9999 -9999 -9999 -9999 -9999 -9999 -9999 -9999 -9999 -9999 -9999 -9999 -9999 -9999 -9999 -9999 -9999 -9999 -9999
4.6262 4.9261 4.6440 4.7119 4.5041 4.3892 4.3891 4.2165 4.5671 4.4421 4.4015 4.4380 4.3294 4.2598 4.3883 4.3463 4.3371 4.1831 4.1564 4.0896 4.0742 4.0540 4.0427 3.9465 4.0290 3.9759 3.9952 3.9043 3.8881 3.8399 3.7134 3.6402 3.6479 3.7257 3.5188 3.6566 3.5240 3.5538 3.4654 3.4296 -9999 -9999 -9999 -9999 -9999 -9999 -9999 -9999 -9999 -9999 -9999 -9999 -9999 -9999 -9999 -9999 -9999 -9999 -9999 -9999
4.6387 4.3835 4.5809 4.5671 4.4330 4.4588 4.2799 4.2712 4.3331 4.4962 4.3565 4.4661 4.2953 4.2836 4.3731 4.3664 4.3422 4.2814 4.2714 4.1331 4.1069 4.1136 3.8895 3.9287 3.9029 3.9740 3.8868 3.8454 3.8922 3.7220 3.6591 3.6161 3.7477 3.6426 3.5059 3.6843 3.5779 3.4928 3.4647 3.4185 -9999 -9999 -9999 -9999 -9999 -9999 -9999 -9999 -9999 -9999 -9999 -9999 -9999 -9999 -9999 -9999 -9999 -9999 -9999 -9999
4.3171 4.3399 4.5507 4.7834 4.4777 4.3292 4.1686 4.3273 4.2131 4.3454 4.4116 4.2727 4.3526 4.2749 4.2314 4.3100 4.3327 4.2283 4.2342 4.2427 4.1187 4.1004 3.9956 3.9799 3.8417 3.8672 3.8672 3.8293 3.7000 3.6664 3.6548 3.6280 3.6494 3.6020 3.6003 3.5904 3.5463 3.5014 3.4299 3.4210 -9999 -9999 -9999 -9999 -9999 -9999 -9999 -9999 -9999 -9999 -9999 -9999 -9999 -9999 -9999 -9999 -9999 -9999 -9999 -9999
4.2748 4.2024 4.2185 4.3361 4.0601 4.3820 4.1562 4.1065 4.1530 4.2769 4.2677 4.2590 4.2600 4.1536 4.3299 4.2893 4.1426 4.2430 4.2133 4.1965 4.1185 4.1160 4.0730 4.0277 3.8779 3.9573 3.7780 3.7034 3.6670 3.6376 3.6080 3.5969 3.6145 3.5672 3.6491 3.5650 3.5682 3.5096 3.4099 3.4172 -9999 -9999 -9999 -9999 -9999 -9999 -9999 -9999 -9999 -9999 -9999 -9999 -9999 -9999 -9999 -9999 -9999 -9999 -9999 -9999
4.3988 4.3012 4.2154 4.3402 4.2921 4.3428 4.1337 4.2005 4.3000 4.1566 4.3155 4.3178 4.2622 4.1992 4.2370 4.1835 4.1695 4.2214 4.1874 4.2211 3.9773 3.9475 3.9346 3.9170 3.9090 3.8056 3.7855 3.7269 3.5938 3.6214 3.5906 3.5249 3.5875 3.5740 3.4926 3.4726 3.7949 3.6273 3.4111 3.4004 -9999 -9999 -9999 -9999 -9999 -9999 -9999 -9999 -9999 -9999 -9999 -9999 -9999 -9999 -9999 -9999 -9999 -9999 -9999 -9999
4.1850 4.2054 4.4757 4.4973 4.7456 4.3957 4.2392 4.3489 4.2351 4.1881 4.2641 4.2458 4.2675 4.2001 4.1286 4.1205 4.1388 4.1204 4.1116 4.0978 3.8778 3.9075 3.9184 4.0665 3.8179 4.0928 3.6666 3.7292 3.6253 3.5922 3.6101 3.5498 3.5532 3.5436 3.5110 3.5048 3.6737 3.5620 3.3896 3.3979 -9999 -9999 -9999 -9999 -9999 -9999 -9999 -9999 -9999 -9999 -9999 -9999 -9999 -9999 -9999 -9999 -9999 -9999 -9999 -9999
4.4834 4.0392 4.2623 4.1026 4.3169 4.6070 4.3673 4.1487 4.4901 4.4593 4.1061 4.1692 4.2075 4.1330 3.9905 4.1394 4.1343 4.1847 4.4684 4.1815 4.0207 3.9788 3.9412 3.8378 3.7048 3.8973 3.7907 3.6521 3.6403 3.5950 3.5997 3.5745 3.5393 3.5341 3.5488 3.4732 3.6085 3.4695 3.3909 3.4099 -9999 -9999 -9999 -9999 -9999 -9999 -9999 -9999 -9999 -9999 -9999 -9999 -9999 -9999 -9999 -9999 -9999 -9999 -9999 -9999
4.3319 4.3385 4.4911 4.1407 4.2857 4.2473 4.3437 4.2882 4.3233 4.1602 4.2197 4.1413 4.1773 4.1218 4.1094 4.0128 4.2781 4.2610 4.0296 4.0571 3.9968 3.8886 3.9194 3.8248 3.8137 3.6885 3.7985 3.6967 3.6331 3.6023 3.6002 3.5792 3.4915 3.4989 3.5031 3.5254 3.5344 3.5232 3.4006 3.3855 -9999 -9999 -9999 -9999 -9999 -9999 -9999 -9999 -9999 -9999 -9999 -9999 -9999 -9999 -9999 -9999 -9999 -9999 -9999 -9999
4.3978 4.3439 4.5993 4.3501 4.3357 4.3178 4.2792 4.3235 4.2891 4.2307 4.2775 4.2055 4.1661 4.1319 4.1011 4.1282 3.9925 4.0688 3.9103 3.9520 3.8678 3.9204 3.8862 3.8259 4.0313 3.7288 3.7945 3.6618 3.6343 3.5900 3.5753 3.5237 3.7466 3.5413 3.5175 3.5193 3.4581 3.4598 3.4638 3.3845 -9999 -9999 -9999 -9999 -9999 -9999 -9999 -9999 -9999 -9999 -9999 -9999 -9999 -9999 -9999 -9999 -9999 -9999 -9999 -9999
4.2832 4.1701 4.3269 4.6752 4.4833 4.2262 4.4414 4.4207 4.3444 4.2396 4.0190 4.2506 4.1386 4.1494 4.0868 4.0552 4.0995 4.0482 3.9602 3.9044 3.9902 3.8320 3.8629 3.7854 3.7333 3.6371 3.3455 3.5089 3.6418 3.5703 3.5367 3.4998 3.4983 3.4413 3.4765 3.4680 3.4449 3.4049 3.4019 3.3747 3.3190 3.3020 3.2531 3.2543 3.2224 3.2260 3.2181 3.1777 3.1569 3.1264 3.1345 3.1892 3.0153 2.9846 -9999 -9999 -9999 -9999 2.9561 3.0773
4.0837 4.2430 4.4328 3.9758 4.7441 4.3135 4.1740 4.6631 4.3794 4.2987 4.2486 4.2019 4.1462 4.0979 4.0916 4.0714 3.9953 4.0847 3.9191 3.9496 3.8967 3.9360 3.8548 3.8662 3.7054 3.6257 3.6216 3.5310 3.5204 3.4523 3.5143 3.5137 3.4840 3.2470 3.3978 3.4528 3.3991 3.3965 3.4043 3.3430 3.2927 3.2597 3.2593 3.2393 3.1687 3.2423 3.1970 3.1425 3.1478 3.0877 3.0860 3.0727 3.0466 3.0497 2.9985 3.2537 2.8871 2.9430 2.8144 3.0853
4.2848 4.1992 4.1558 4.0519 4.1832 4.1891 4.3444 4.2998 4.7618 4.4864 4.3038 4.4997 4.3570 4.4190 4.0776 3.9903 3.8274 3.9980 3.9377 3.8710 3.9106 3.8306 3.7580 3.7304 3.6936 3.6594 3.6092 3.5574 3.5177 3.4919 3.4277 3.4956 3.4208 3.4405 3.4287 3.4451 3.2911 3.3118 3.3016 3.3723 3.3385 3.3920 3.1575 3.1860 3.1837 3.1923 3.1764 3.1855 3.1485 3.0865 3.0900 3.0587 3.0065 2.9649 3.0526 3.3355 3.1943 3.0446 3.0025 3.0901
4.2448 4.1302 4.1753 4.1692 4.1843 4.4501 4.3527 4.3034 4.1708 4.5043 4.1857 4.1990 4.1009 4.5727 4.2986 4.0141 3.9031 3.9247 3.8013 3.8953 3.8725 3.5565 3.7205 3.6180 3.5618 3.5533 3.5540 3.5228 3.5024 3.4848 3.4757 3.4521 3.4539 3.2389 3.3372 2.8603 3.3796 2.8784 3.1890 3.3185 3.2144 3.2980 3.2794 3.2604 3.1780 3.2021 3.2023 3.2174 3.1905 3.1060 3.0652 3.0519 3.0806 3.0213 3.0016 3.0877 3.0673 3.1420 3.0323 3.0651
4.1977 4.0499 4.0806 4.1004 4.1639 4.1556 4.3310 4.2613 4.2833 4.1609 4.2407 4.1923 4.1319 4.1293 4.3261 4.1073 4.1992 3.9076 3.8552 3.8622 3.7837 3.8294 3.6758 3.6486 3.6160 3.5660 3.5530 3.5448 3.4665 3.4613 3.4455 3.4314 3.4275 3.3828 3.2830 3.4257 3.3584 2.5557 3.6063 3.2548 3.2441 3.1680 3.2020 3.3864 3.2621 3.2363 3.1991 3.1703 3.1205 3.1615 3.1052 3.0938 3.0788 3.0465 3.0302 3.0647 3.0585 2.9536 2.9660 2.9374
4.1184 3.8966 4.1849 3.9616 4.1906 4.1878 4.4133 4.2565 4.3192 4.2519 4.1094 4.2703 4.1357 4.1878 4.2860 4.1457 4.1742 3.9684 3.8782 3.8701 3.7584 3.6293 3.5814 3.8804 3.5873 3.6342 3.5540 3.3796 3.7405 3.4878 3.4175 3.3951 3.4335 3.3746 3.3153 3.2895 3.2390 3.4464 3.1847 2.6899 3.0286 3.1509 3.1998 3.3188 3.2925 3.2004 3.1480 3.1251 3.0821 3.1529 3.0843 3.0745 3.0686 3.0410 3.0492 3.0062 3.0519 3.1917 2.9119 3.0477
3.8902 4.0530 4.1148 3.9260 4.0123 4.1682 4.1039 4.1042 4.2446 4.2498 4.2239 4.1390 4.1626 4.1888 4.1857 4.2719 4.0367 4.0169 3.7916 3.7843 3.8694 3.7225 3.5608 3.7097 3.6760 3.6971 3.6712 3.4843 3.5728 3.4701 3.5469 3.4336 3.3690 3.3502 3.2638 3.3163 3.0620 3.1902 3.2848 2.9851 2.8531 2.9818 3.0049 3.1886 3.2070 3.2120 3.1133 3.2095 3.0877 2.9074 3.1214 3.0711 2.8774 2.9791 3.0487 2.9519 3.1391 3.0347 3.0534 2.8528
4.1083 4.0712 4.0426 4.0086 4.0212 4.0147 4.0761 4.0445 3.9447 4.0066 4.0283 4.1746 4.0292 3.9075 4.1042 4.0577 4.0013 4.2030 3.9063 3.9242 3.8070 3.7379 3.5984 3.7058 3.6560 3.6674 3.5132 3.4198 3.6129 3.5349 3.3440 3.4223 3.3946 3.3740 3.3405 3.2842 3.3110 3.2461 3.4947 3.4721 2.6143 3.1674 2.9690 3.2066 3.2060 3.1407 3.1343 3.0601 2.8525 3.0426 3.1759 3.0607 2.9527 2.9373 3.1037 2.9982 3.0030 3.1173 3.0943 3.0350
4.0348 4.0184 4.0548 4.0060 4.1150 4.0287 4.1083 3.9412 4.1892 4.0834 4.2758 3.9448 3.7477 3.9990 4.1692 4.0668 4.1117 3.9364 4.0548 3.8543 3.8277 3.9278 3.6439 4.1329 3.6674 3.8957 3.5906 3.3809 3.5332 3.6790 3.6332 3.4128 3.3557 3.4290 3.3586 3.3520 3.4828 3.3035 3.3860 2.8977 3.0066 2.6677 2.5670 3.0954 3.1003 3.2111 3.1810 3.0162 2.7970 3.0021 3.0502 3.0570 3.0228 3.1026 3.1427 3.1424 2.9286 2.9139 3.0616 3.0729
3.9163 4.0813 4.0172 4.0075 4.0689 4.0218 3.9673 3.9545 4.0185 4.0794 4.0295 3.9582 3.8781 4.0348 4.1326 3.8899 3.8669 3.9809 3.9709 3.9070 3.4139 3.7584 3.7266 3.6926 3.9053 3.6113 3.6688 3.5101 3.5344 3.4400 3.5267 3.4847 3.3439 3.4337 3.3683 3.4171 3.4251 3.3027 3.2538 3.2784 3.3170 3.3210 2.5893 2.5134 2.9238 2.9030 2.8045 2.9086 2.6806 2.9846 2.9545 3.2421 3.0128 3.0546 3.1257 3.0478 3.0711 3.0116 2.9110 3.0257
4.0559 4.2244 4.0650 4.0173 4.0144 3.9677 4.0999 4.0391 4.1032 4.0639 4.0748 3.9438 3.5781 4.0836 4.2182 4.0339 3.9320 4.0048 3.9224 3.6623 3.5848 3.4932 3.6845 3.7173 3.5293 3.7601 3.7068 3.5241 3.4871 3.2896 3.7817 3.4942 3.4607 3.3774 3.3722 3.3446 3.3854 3.3849 3.3900 3.2964 3.2890 3.2683 3.3309 2.8541 2.4142 2.3185 3.0868 2.9622 3.0901 3.0291 3.0293 3.0571 2.9211 2.6154 3.0633 3.0905 3.0415 3.0763 3.0247 3.0469
3.9758 4.0528 4.0404 3.9797 3.9869 3.7411 4.0934 4.0096 3.9326 3.9139 4.0027 3.9997 4.1263 4.0784 4.0198 4.1008 4.2263 3.8741 3.7907 3.7259 3.6038 3.5899 3.4389 3.7444 3.6068 3.6459 3.5791 3.5999 3.5379 3.4802 3.3913 3.4177 3.4314 3.4044 3.3682 3.3153 3.3452 3.5395 3.2682 3.2846 3.2991 3.1846 3.1969 3.1430 2.2666 2.8630 3.0759 2.9879 3.0006 3.3495 3.0147 2.8774 2.9011 3.2777 3.0729 3.0647 3.0673 3.0614 3.0464 3.0163
4.0415 4.0855 4.1115 4.0002 3.9790 3.7689 3.9762 4.0479 3.6848 3.7922 3.9496 3.9081 3.6746 4.1321 4.0252 3.7095 3.9948 4.2880 3.7363 4.1102 3.5399 3.5432 3.2058 3.6119 3.5226 3.6401 3.4336 3.4887 3.5438 3.2603 3.3052 3.3709 3.4740 3.3659 3.3193 3.1238 3.3292 3.2398 3.3161 3.2775 3.1499 3.1130 3.2018 3.3805 2.7862 2.6231 3.1914 2.9339 2.9463 2.4011 2.3684 2.7087 2.8508 3.1954 2.8724 3.0044 3.0935 3.0134 2.9233 2.9459
4.0519 4.0612 4.0771 3.9716 4.0109 3.9850 3.9809 4.0376 3.9698 3.9104 3.9194 3.9303 3.8705 3.8747 3.9957 3.9453 3.9120 3.8199 3.7357 3.5937 3.5351 3.7242 3.3530 3.6158 3.6141 3.4065 3.3284 3.3395 3.4576 3.1614 3.3204 3.2653 3.2794 3.4116 3.3437 3.2566 3.2060 3.1576 3.3010 3.1948 2.9456 3.1134 3.2206 3.5020 3.0782 2.2738 2.7454 2.9680 2.9992 2.0736 2.7487 3.0467 2.9519 3.1769 3.1043 3.0033 3.0009 2.9934 3.0630 2.9557
4.0972 3.9328 3.3505 3.9518 3.9158 3.8819 3.9667 3.9344 3.9508 3.8978 3.8563 3.6576 3.8517 3.6995 3.9285 3.8084 3.7280 3.7058 3.6467 3.6838 3.5095 3.6001 3.5036 3.3897 3.4456 3.5319 3.6784 3.4060 3.4611 3.3473 3.2906 3.2222 3.3149 3.3729 3.3138 3.2094 3.0891 3.1456 3.1736 3.3740 3.2951 3.1663 3.2205 3.1669 3.3397 3.1256 2.5886 2.7187 2.6456 2.4816 3.0362 2.7939 2.9827 3.0559 3.1491 3.0236 3.0267 2.9167 2.9100 2.9620
3.9737 3.9719 3.6590 3.8569 3.9101 3.9168 3.9244 3.9289 3.8539 3.8190 3.8552 4.0126 3.7762 3.7049 3.8395 3.7185 3.7212 3.6903 3.6719 3.6191 3.5932 3.3485 3.4571 3.3732 3.2959 2.7033 3.4276 3.4297 3.3931 3.3499 3.2952 3.2489 3.2630 3.2716 3.2809 3.2096 3.1654 3.2860 3.1434 3.1924 3.2774 3.2262 2.9651 3.1477 3.1030 2.7017 2.5769 2.4005 2.4748 2.6830 2.9595 3.0167 2.7055 2.9322 3.0630 3.0782 2.9752 3.0223 2.9748 3.0025
3.7502 3.8091 3.8690 3.8443 3.9198 3.4818 3.9562 3.8917 3.8921 3.8659 3.8476 3.8867 3.6813 3.6842 3.7595 3.7763 3.6891 3.7227 3.6903 3.5303 3.5745 3.6229 3.4681 3.3902 3.5541 3.4911 3.4038 3.4052 3.2688 3.2943 3.1273 3.2409 3.1866 3.2582 3.1752 3.1858 3.1925 3.2405 3.1994 3.1524 3.2119 3.1926 3.2862 3.0457 3.1871 3.4495 3.0587 2.2837 3.2466 2.7944 2.9600 3.0218 3.0479 2.9467 3.1317 2.8824 3.0183 2.9256 2.9991 2.8762
3.8423 3.9828 3.4680 3.8020 3.6498 3.8657 3.8935 3.8847 3.8561 3.8427 3.7977 3.8193 3.6135 3.6821 3.7057 3.7085 3.3407 3.6719 3.6178 3.5830 3.5777 3.4947 3.7151 3.5214 3.3812 3.2551 3.4644 3.3395 3.2640 3.3622 3.2450 3.1923 3.1895 3.2568 3.1853 3.2183 3.1236 3.1732 3.2148 3.1466 3.1039 3.1555 3.3908 2.7074 2.9107 2.7382 2.4336 2.5634 2.8049 2.9776 2.6050 3.0172 3.0014 3.2632 3.0503 3.1234 2.9628 3.0432 2.9639 2.9289
3.5008 3.8765 3.8815 3.8508 3.8080 3.8287 3.7701 3.8810 3.8636 3.7643 3.7167 3.7411 3.6120 3.4704 3.6865 3.5902 3.6568 3.5657 3.5047 3.7241 3.6170 3.5231 3.5400 3.4489 3.3592 3.2231 3.2939 3.3741 3.0461 3.3423 3.3754 3.2958 3.3008 3.1772 3.3757 3.1327 3.1642 3.2754 3.2874 3.1805 3.0888 3.1876 2.9588 3.1622 2.5425 2.8685 2.2523 2.9568 2.7009 3.0257 3.1430 3.2648 3.0548 2.9914 3.1863 3.1700 3.0062 3.1147 2.9844 2.9326
