tests/files/spatial_manager/layers/compound/US/US0101201607.asc
ncols	60
nrows	60
xllcorner	390242.99999940
yllcorner	3870256.0000075
cellsize	500.00000000000
NODATA_value	-9999.000000
[rows 0 to 38 of 60, columns 0 to 59 of 60]
3.7579 3.6530 3.7353 3.7019 3.8895 3.7647 3.8867 3.6469 4.2483 4.2004 3.9737 4.0456 4.0243 4.0437 3.9333 3.9920 4.0005 3.9678 3.9637 4.0018 3.9997 3.9387 3.9528 3.9177 3.8100 3.8598 3.9469 3.7991 3.7285 3.7154 3.6925 3.6785 3.7043 3.6084 3.5335 3.5372 3.5048 3.4207 3.4587 3.4365 -9999 -9999 -9999 -9999 -9999 -9999 -9999 -9999 -9999 -9999 -9999 -9999 -9999 -9999 -9999 -9999 -9999 -9999 -9999 -9999
3.5500 3.5619 3.6209 3.8184 3.8243 3.6430 3.6472 3.9364 3.8331 3.9623 3.9196 4.2958 3.9204 3.8305 4.2670 3.9169 3.9698 3.9510 3.9271 3.7843 4.0380 4.0041 3.9064 3.8539 3.7957 3.7196 3.7975 3.8224 3.6951 3.6437 3.6757 3.6380 3.6218 3.6133 3.6131 3.5578 3.5486 3.4820 3.4317 3.4177 -9999 -9999 -9999 -9999 -9999 -9999 -9999 -9999 -9999 -9999 -9999 -9999 -9999 -9999 -9999 -9999 -9999 -9999 -9999 -9999
3.4855 3.5878 3.7128 3.7091 3.7544 3.7171 3.3374 3.7389 3.8408 3.8964 3.9722 3.9299 3.9881 3.8330 3.9404 3.8954 3.8269 3.9255 3.8524 3.9322 3.7986 4.0020 3.9130 3.7864 3.7530 3.6843 3.8404 3.7116 3.6699 3.6389 3.5621 3.6102 3.5930 3.5519 3.5665 3.5045 3.5581 3.4800 3.3673 3.3846 -9999 -9999 -9999 -9999 -9999 -9999 -9999 -9999 -9999 -9999 -9999 -9999 -9999 -9999 -9999 -9999 -9999 -9999 -9999 -9999
3.6965 3.6148 3.4894 3.8367 3.7564 3.6723 3.6716 3.7077 3.7462 3.8301 3.9187 3.9635 3.9575 3.8950 4.0025 3.8169 3.8933 3.8425 3.7016 3.8501 3.9956 4.0825 3.8444 3.6885 3.7099 3.6718 3.6406 3.6730 3.6333 3.5534 3.6227 3.5489 3.5157 3.5226 3.4578 3.5620 3.5271 3.4882 3.4313 3.4446 -9999 -9999 -9999 -9999 -9999 -9999 -9999 -9999 -9999 -9999 -9999 -9999 -9999 -9999 -9999 -9999 -9999 -9999 -9999 -9999
3.5073 3.7833 3.3437 3.6224 3.6807 3.6860 3.6476 3.5864 3.6303 4.0273 3.8587 3.8276 3.7969 3.8673 3.8582 3.9520 3.8346 3.8218 3.7783 3.6637 3.6404 3.9573 3.8097 3.7645 3.7186 3.6466 3.6233 3.6268 3.6226 3.6029 3.5492 3.5602 3.4672 3.5202 3.4876 3.3945 3.6154 3.4298 3.3261 3.2665 -9999 -9999 -9999 -9999 -9999 -9999 -9999 -9999 -9999 -9999 -9999 -9999 -9999 -9999 -9999 -9999 -9999 -9999 -9999 -9999
3.9569 3.7179 3.8751 3.8590 3.8238 3.7911 3.6663 3.5818 3.6955 3.6990 3.7811 3.8161 3.8319 3.7766 3.7410 3.7903 3.8203 3.7628 3.7345 3.7593 3.7829 3.8361 3.7503 3.7021 3.7026 3.5893 3.6232 3.5877 3.6636 3.5449 3.6002 3.5115 3.4224 3.4645 3.4056 3.4553 3.4456 3.3683 3.3804 3.3490 -9999 -9999 -9999 -9999 -9999 -9999 -9999 -9999 -9999 -9999 -9999 -9999 -9999 -9999 -9999 -9999 -9999 -9999 -9999 -9999
4.2511 4.1249 3.9271 3.6008 3.8233 3.6288 3.5814 3.5958 3.7889 3.6991 3.7582 3.7676 3.7660 3.8135 3.7872 3.8790 3.7289 3.7443 3.7640 3.7552 3.7934 3.7859 3.9555 3.7917 3.6840 3.6131 3.5828 3.4858 3.5214 3.5413 3.4858 3.4616 3.5057 3.4447 3.4765 3.3911 3.3914 3.3203 3.3393 3.3147 -9999 -9999 -9999 -9999 -9999 -9999 -9999 -9999 -9999 -9999 -9999 -9999 -9999 -9999 -9999 -9999 -9999 -9999 -9999 -9999
3.8239 3.9975 3.8676 3.8024 3.6181 3.6390 3.5538 3.4191 3.7619 3.7631 3.6596 3.7708 3.7159 3.7672 3.7564 3.6832 3.6729 3.7119 3.7553 3.6908 3.6664 3.6987 3.8761 3.7884 3.7483 3.5835 3.5598 3.5345 3.4870 3.5142 3.4581 3.4573 3.4563 3.4218 3.3720 3.4223 3.2805 3.4345 3.2682 3.2556 -9999 -9999 -9999 -9999 -9999 -9999 -9999 -9999 -9999 -9999 -9999 -9999 -9999 -9999 -9999 -9999 -9999 -9999 -9999 -9999
3.5055 4.1785 3.6688 3.6933 3.5712 3.5373 3.4813 3.4764 3.5288 3.6505 3.6681 3.7110 3.8565 3.8025 3.6818 3.6753 3.6729 3.6544 3.6310 3.6153 3.6500 3.6461 3.6692 3.6688 3.8050 3.6301 3.6304 3.5380 3.5047 3.4957 3.4072 3.4185 3.4366 3.3981 3.3905 3.3083 3.2742 3.2744 3.2761 3.2423 -9999 -9999 -9999 -9999 -9999 -9999 -9999 -9999 -9999 -9999 -9999 -9999 -9999 -9999 -9999 -9999 -9999 -9999 -9999 -9999
3.9404 3.4103 3.8409 3.5215 3.5267 3.6231 3.4350 3.4829 3.5314 3.3095 3.6110 3.6858 3.6779 3.8155 3.8645 3.7188 3.6551 3.5746 3.6281 3.5941 3.6003 3.6678 3.5114 3.6244 3.6652 3.6026 3.5236 3.5353 3.4687 3.5466 3.4112 3.3905 3.3927 3.4132 3.4021 3.4723 3.2388 3.2474 3.2303 3.1850 -9999 -9999 -9999 -9999 -9999 -9999 -9999 -9999 -9999 -9999 -9999 -9999 -9999 -9999 -9999 -9999 -9999 -9999 -9999 -9999
3.1302 3.2680 3.4865 3.3298 3.3952 3.4182 3.4143 3.4997 3.5238 3.4844 3.5820 3.6195 3.7612 3.4994 3.8310 3.9058 3.6574 3.5961 3.5362 3.5502 3.5523 3.3773 3.5400 3.6284 3.6043 3.5732 3.5293 3.4912 3.4458 3.4811 3.2872 3.3297 3.3430 3.3688 3.2690 3.3358 3.2453 3.2102 3.1997 3.1845 -9999 -9999 -9999 -9999 -9999 -9999 -9999 -9999 -9999 -9999 -9999 -9999 -9999 -9999 -9999 -9999 -9999 -9999 -9999 -9999
3.1590 3.4353 3.3036 3.4156 3.3234 3.2931 3.3450 3.2610 3.5810 3.5279 3.5378 3.6070 3.5552 3.5316 3.6704 3.6649 3.6846 3.5783 3.5780 3.5409 3.5462 3.5457 3.5514 3.4809 3.5668 3.5317 3.5599 3.4889 3.4836 3.4491 3.3432 3.2846 3.2987 3.3760 3.1951 3.3270 3.2129 3.2468 3.1729 3.1471 -9999 -9999 -9999 -9999 -9999 -9999 -9999 -9999 -9999 -9999 -9999 -9999 -9999 -9999 -9999 -9999 -9999 -9999 -9999 -9999
3.1301 3.0227 3.2242 3.2773 3.2396 3.3150 3.2338 3.2764 3.3713 3.5448 3.4773 3.6059 3.5051 3.5301 3.6369 3.6619 3.6699 3.6444 3.6597 3.5624 3.5592 3.5830 3.4033 3.4521 3.4426 3.5176 3.4516 3.4251 3.4765 3.3331 3.2849 3.2538 3.3798 3.2921 3.1754 3.3441 3.2544 3.1839 3.1653 3.1302 -9999 -9999 -9999 -9999 -9999 -9999 -9999 -9999 -9999 -9999 -9999 -9999 -9999 -9999 -9999 -9999 -9999 -9999 -9999 -9999
2.8783 2.9586 3.1684 3.3974 3.2406 3.1891 3.1222 3.2920 3.2523 3.4004 3.4964 3.4266 3.5293 3.5017 3.4988 3.5949 3.6428 3.5813 3.6105 3.6403 3.5540 3.5566 3.4822 3.4837 3.3762 3.4111 3.4227 3.3997 3.2945 3.2734 3.2715 3.2554 3.2823 3.2471 3.2528 3.2509 3.2182 3.1845 3.1265 3.1258 -9999 -9999 -9999 -9999 -9999 -9999 -9999 -9999 -9999 -9999 -9999 -9999 -9999 -9999 -9999 -9999 -9999 -9999 -9999 -9999
2.8153 2.8318 2.9050 3.0478 2.9096 3.1979 3.0856 3.0980 3.1805 3.3218 3.3583 3.3926 3.4320 3.3816 3.5595 3.5579 3.4647 3.5758 3.5756 3.5843 3.5383 3.5553 3.5355 3.5121 3.3955 3.4783 3.3324 3.2773 3.2549 3.2380 3.2203 3.2186 3.2422 3.2073 3.2886 3.2202 3.2304 3.1846 3.1014 3.1156 -9999 -9999 -9999 -9999 -9999 -9999 -9999 -9999 -9999 -9999 -9999 -9999 -9999 -9999 -9999 -9999 -9999 -9999 -9999 -9999
2.8612 2.8644 2.8707 3.0187 3.0452 3.1395 3.0414 3.1421 3.2668 3.2039 3.3716 3.4160 3.4116 3.3978 3.4628 3.4509 3.4688 3.5396 3.5366 3.5888 3.4021 3.3955 3.4017 3.4024 3.4102 3.3332 3.3277 3.2874 3.1800 3.2139 3.1955 3.1453 3.2093 3.2050 3.1396 3.1290 3.4274 3.2838 3.0955 3.0934 -9999 -9999 -9999 -9999 -9999 -9999 -9999 -9999 -9999 -9999 -9999 -9999 -9999 -9999 -9999 -9999 -9999 -9999 -9999 -9999
2.6880 2.7674 3.0136 3.0946 3.3331 3.1474 3.0910 3.2254 3.1915 3.2035 3.3073 3.3360 3.3936 3.3775 3.3545 3.3800 3.4250 3.4376 3.4558 3.4679 3.3025 3.3470 3.3742 3.5188 3.3184 3.5721 3.2124 3.2787 3.1979 3.1784 3.2035 3.1587 3.1700 3.1695 3.1481 3.1503 3.3100 3.2172 3.0690 3.0842 -9999 -9999 -9999 -9999 -9999 -9999 -9999 -9999 -9999 -9999 -9999 -9999 -9999 -9999 -9999 -9999 -9999 -9999 -9999 -9999
2.8431 2.6260 2.8372 2.7925 3.0010 3.2669 3.1553 3.0503 3.3561 3.3846 3.1614 3.2531 3.3240 3.3029 3.2232 3.3765 3.4030 3.4735 3.7376 3.5225 3.4091 3.3938 3.3802 3.3081 3.2083 3.3895 3.3098 3.2005 3.2011 3.1713 3.1850 3.1717 3.1491 3.1527 3.1739 3.1142 3.2435 3.1263 3.0631 3.0881 -9999 -9999 -9999 -9999 -9999 -9999 -9999 -9999 -9999 -9999 -9999 -9999 -9999 -9999 -9999 -9999 -9999 -9999 -9999 -9999
2.7116 2.7862 2.9550 2.7877 2.9486 2.9824 3.1094 3.1255 3.2047 3.1330 3.2250 3.2089 3.2784 3.2734 3.2995 3.2548 3.5026 3.5188 3.3543 3.4019 3.3740 3.3029 3.3480 3.2843 3.2905 3.1966 3.3054 3.2291 3.1847 3.1682 3.1762 3.1670 3.0982 3.1131 3.1251 3.1531 3.1692 3.1672 3.0648 3.0590 -9999 -9999 -9999 -9999 -9999 -9999 -9999 -9999 -9999 -9999 -9999 -9999 -9999 -9999 -9999 -9999 -9999 -9999 -9999 -9999
2.7169 2.7552 2.9909 2.8964 2.9519 3.0021 3.0347 3.1235 3.1530 3.1611 3.2449 3.2358 3.2479 3.2607 3.2733 3.3295 3.2513 3.3430 3.2391 3.2985 3.2506 3.3160 3.3063 3.2726 3.4655 3.2201 3.2908 3.1882 3.1758 3.1479 3.1450 3.1092 3.3155 3.1426 3.1299 3.1398 3.0932 3.1027 3.1144 3.0510 -9999 -9999 -9999 -9999 -9999 -9999 -9999 -9999 -9999 -9999 -9999 -9999 -9999 -9999 -9999 -9999 -9999 -9999 -9999 -9999
2.6111 2.6119 2.7805 3.0781 3.0202 2.9092 3.1201 3.1655 3.1670 3.1427 3.0261 3.2474 3.2050 3.2539 3.2423 3.2520 3.3205 3.3091 3.2646 3.2437 3.3388 3.2275 3.2733 3.2255 3.1975 3.1299 2.8916 3.0451 3.1724 3.1211 3.1021 3.0794 3.0873 3.0457 3.0854 3.0862 3.0739 3.0461 3.0515 3.0350 2.9928 2.9855 2.9492 2.9585 2.9377 2.9495 2.9508 2.9225 2.9122 2.8929 2.9093 2.9693 2.8161 2.7961 -9999 -9999 -9999 -9999 2.8094 2.9318
2.4562 2.6239 2.8146 2.5881 3.1619 2.9395 2.9045 3.3092 3.1656 3.1612 3.1750 3.1875 3.1893 3.1932 3.2267 3.2466 3.2186 3.3219 3.2151 3.2661 3.2462 3.3013 3.2534 3.2818 3.1619 3.1091 3.1196 3.0544 3.0571 3.0089 3.0734 3.0829 3.0663 2.8662 3.0078 3.0650 3.0254 3.0313 3.0462 2.9993 2.9620 2.9401 2.9478 2.9377 2.8816 2.9570 2.9241 2.8826 2.8960 2.8492 2.8562 2.8524 2.8366 2.8480 2.8083 3.0559 2.7191 2.7790 2.6642 2.9274
2.5423 2.5637 2.6068 2.6077 2.7581 2.8258 2.9943 3.0240 3.4129 3.2729 3.1920 3.3891 3.3290 3.4216 3.1964 3.1638 3.0668 3.2348 3.2147 3.1864 3.2435 3.1994 3.1590 3.1545 3.1404 3.1270 3.0985 3.0672 3.0452 3.0343 2.9890 3.0584 3.0024 3.0289 3.0273 3.0503 2.9219 2.9483 2.9471 3.0181 2.9959 3.0520 2.8487 2.8822 2.8881 2.9039 2.8976 2.9142 2.8886 2.8399 2.8514 2.8307 2.7903 2.7595 2.8491 3.1215 2.9970 2.8636 2.8306 2.9194
2.4841 2.4890 2.5872 2.6524 2.7291 2.9713 2.9712 2.9992 2.9639 3.2596 3.0810 3.1401 3.1123 3.5181 3.3495 3.1646 3.1106 3.1593 3.0883 3.1917 3.1978 2.9581 3.1151 3.0477 3.0173 3.0258 3.0409 3.0276 3.0225 3.0190 3.0221 3.0118 3.0231 2.8437 2.9387 2.5260 2.9929 2.5560 2.8394 2.9626 2.8773 2.9600 2.9511 2.9419 2.8754 2.9051 2.9133 2.9352 2.9188 2.8494 2.8199 2.8154 2.8497 2.8024 2.7914 2.8787 2.8667 2.9433 2.8465 2.8830
2.4226 2.4089 2.4974 2.5784 2.6862 2.7463 2.9279 2.9429 3.0178 2.9869 3.0978 3.1128 3.1147 3.1568 3.3507 3.2197 3.3287 3.1295 3.1170 3.1500 3.1109 3.1719 3.0654 3.0619 3.0521 3.0260 3.0299 3.0367 2.9823 2.9897 2.9871 2.9852 2.9917 2.9620 2.8833 3.0175 2.9665 2.2637 3.2029 2.8984 2.8966 2.8361 2.8741 3.0477 2.9435 2.9281 2.9022 2.8838 2.8462 2.8914 2.8475 2.8446 2.8382 2.8156 2.8075 2.8462 2.8469 2.7551 2.7721 2.7503
2.3436 2.2872 2.5296 2.4621 2.6738 2.7390 2.9546 2.9128 3.0170 3.0276 2.9791 3.1480 3.0966 3.1812 3.2997 3.2315 3.2912 3.1621 3.1205 3.1420 3.0767 2.9936 2.9749 3.2441 3.0169 3.0732 3.0206 2.8859 3.2080 3.0034 2.9542 2.9453 2.9887 2.9468 2.9039 2.8898 2.8535 3.0446 2.8211 2.3891 2.6971 2.8133 2.8645 2.9787 2.9628 2.8875 2.8475 2.8343 2.8024 2.8742 2.8189 2.8171 2.8186 2.8001 2.8141 2.7806 2.8288 2.9641 2.7091 2.8400
2.1826 2.3475 2.4562 2.4114 2.5318 2.6980 2.7208 2.7828 2.9395 3.0017 3.0389 3.0295 3.0958 3.1619 3.2032 3.3111 3.1658 3.1846 3.0362 3.0584 3.1538 3.0579 2.9462 3.0897 3.0804 3.1155 3.1098 2.9657 3.0547 2.9793 3.0570 2.9702 2.9243 2.9175 2.8511 2.9056 2.6905 2.8109 2.9021 2.6443 2.5340 2.6552 2.6826 2.8539 2.8776 2.8894 2.8077 2.9017 2.7986 2.6417 2.8430 2.8039 2.6332 2.7324 2.8023 2.7189 2.8969 2.8055 2.8274 2.6454
2.2723 2.3265 2.3829 2.4331 2.5093 2.5716 2.6760 2.7173 2.7083 2.8071 2.8762 3.0337 2.9765 2.9309 3.1222 3.1274 3.1214 3.3155 3.1132 3.1572 3.0897 3.0580 2.9656 3.0750 3.0526 3.0799 2.9662 2.9016 3.0794 3.0258 2.8737 2.9519 2.9383 2.9301 2.9101 2.8697 2.9015 2.8525 3.0792 3.0674 2.3156 2.8127 2.6431 2.8617 2.8682 2.8167 2.8178 2.7577 2.5767 2.7549 2.8823 2.7840 2.6916 2.6832 2.8409 2.7495 2.7587 2.8683 2.8511 2.7999
2.1998 2.2655 2.3599 2.4028 2.5393 2.5537 2.6707 2.6236 2.8514 2.8378 3.0299 2.8463 2.7501 2.9806 3.1529 3.1169 3.1906 3.0897 3.2163 3.0870 3.0932 3.2003 2.9915 3.4166 3.0513 3.2604 3.0215 2.8593 3.0021 3.1396 3.1131 2.9352 2.8964 2.9696 2.9178 2.9209 3.0437 2.8950 2.9752 2.5528 2.6555 2.3621 2.2785 2.7542 2.7652 2.8708 2.8505 2.7091 2.5178 2.7085 2.7579 2.7699 2.7444 2.8223 2.8641 2.8687 2.6778 2.6680 2.8068 2.8200
2.1045 2.2700 2.3084 2.3751 2.4829 2.5227 2.5538 2.6083 2.7118 2.8122 2.8338 2.8358 2.8268 2.9886 3.1068 2.9648 2.9849 3.1091 3.1349 3.1153 2.7471 3.0499 3.0476 3.0414 3.2377 3.0121 3.0771 2.9591 2.9938 2.9268 3.0129 2.9884 2.8780 2.9653 2.9181 2.9693 2.9849 2.8862 2.8510 2.8800 2.9212 2.9319 2.2914 2.2295 2.5995 2.5869 2.5047 2.6034 2.4044 2.6827 2.6610 2.9258 2.7239 2.7666 2.8357 2.7693 2.7943 2.7435 2.6546 2.7616
2.1480 2.3176 2.3061 2.3525 2.4223 2.4627 2.6134 2.6397 2.7452 2.7790 2.8441 2.8056 2.5909 3.0059 3.1526 3.0577 3.0194 3.1124 3.0823 2.9073 2.8725 2.8233 3.0016 3.0505 2.9157 3.1255 3.0988 2.9615 2.9447 2.7903 3.2211 2.9878 2.9699 2.9083 2.9132 2.8981 2.9419 2.9496 2.9618 2.8874 2.8879 2.8766 2.9385 2.5236 2.1394 2.0590 2.7472 2.6417 2.7614 2.7121 2.7174 2.7472 2.6296 2.3581 2.7660 2.7944 2.7534 2.7877 2.7433 2.7653
2.0749 2.1932 2.2629 2.3027 2.3788 2.2978 2.5837 2.5965 2.6085 2.6551 2.7729 2.8254 2.9682 2.9835 2.9869 3.0914 3.2286 2.9962 2.9650 2.9448 2.8757 2.8900 2.7909 3.0615 2.9692 3.0203 2.9822 3.0156 2.9782 2.9430 2.8800 2.9138 2.9362 2.9231 2.9013 2.8644 2.8985 3.0753 2.8469 2.8683 2.8880 2.7942 2.8112 2.7699 2.0018 2.5336 2.7276 2.6546 2.6709 2.9868 2.6929 2.5745 2.5997 2.9414 2.7612 2.7570 2.7622 2.7592 2.7475 2.7216
2.0784 2.1807 2.2733 2.2868 2.3476 2.2907 2.4853 2.5974 2.4234 2.5521 2.7158 2.7415 2.6261 3.0044 2.9738 2.7813 3.0363 3.3003 2.9091 3.2345 2.8131 2.8412 2.5920 2.9425 2.8898 3.0053 2.8516 2.9131 2.9740 2.7487 2.7984 2.8654 2.9639 2.8816 2.8508 2.6910 2.8761 2.8064 2.8798 2.8533 2.7486 2.7225 2.8062 2.9690 2.4519 2.3129 2.8193 2.5965 2.6120 2.1322 2.1064 2.4126 2.5427 2.8536 2.5680 2.6887 2.7707 2.7007 2.6212 2.6421
2.0533 2.1380 2.2254 2.2434 2.3400 2.3969 2.4641 2.5673 2.5888 2.6109 2.6751 2.7380 2.7482 2.8001 2.9352 2.9422 2.9583 2.9260 2.8956 2.8160 2.7978 2.9746 2.7008 2.9351 2.9546 2.8031 2.7552 2.7797 2.8926 2.6571 2.8028 2.7673 2.7896 2.9120 2.8631 2.7970 2.7612 2.7268 2.8578 2.7724 2.5619 2.7137 2.8130 3.0648 2.6990 1.9973 2.4158 2.6160 2.6477 1.8334 2.4337 2.7010 2.6200 2.8227 2.7608 2.6731 2.6726 2.6672 2.7299 2.6345
2.0457 2.0421 1.8054 2.2055 2.2591 2.3106 2.4315 2.4792 2.5547 2.5821 2.6128 2.5307 2.7174 2.6575 2.8696 2.8251 2.8052 2.8252 2.8140 2.8743 2.7663 2.8644 2.8116 2.7417 2.8071 2.8965 3.0350 2.8260 2.8865 2.8047 2.7692 2.7225 2.8112 2.8702 2.8289 2.7479 2.6523 2.7078 2.7386 2.9182 2.8562 2.7503 2.8028 2.7614 2.9172 2.7348 2.2686 2.3863 2.3253 2.1842 2.6755 2.4648 2.6341 2.7011 2.7855 2.6761 2.6800 2.5833 2.5775 2.6233
1.9549 2.0341 1.9465 2.1269 2.2308 2.3073 2.3825 2.4536 2.4713 2.5102 2.5931 2.7575 2.6473 2.6457 2.7890 2.7441 2.7863 2.8003 2.8209 2.8120 2.8210 2.6540 2.7642 2.7187 2.6760 2.2096 2.8189 2.8366 2.8209 2.7981 2.7645 2.7366 2.7587 2.7754 2.7921 2.7394 2.7091 2.8195 2.7035 2.7518 2.8310 2.7923 2.5710 2.7341 2.6998 2.3543 2.2488 2.0977 2.1654 2.3503 2.5952 2.6480 2.3767 2.5777 2.6941 2.7086 2.6186 2.6602 2.6181 2.6416
1.8179 1.9240 2.0319 2.0949 2.2117 2.0300 2.3789 2.4088 2.4752 2.5216 2.5695 2.6532 2.5647 2.6156 2.7160 2.7724 2.7488 2.8120 2.8227 2.7316 2.7952 2.8606 2.7629 2.7228 2.8757 2.8440 2.7902 2.8073 2.7089 2.7431 2.6154 2.7214 2.6857 2.7554 2.6935 2.7103 2.7233 2.7711 2.7423 2.7077 2.7644 2.7529 2.8385 2.6351 2.7616 2.9932 2.6576 1.9866 2.8274 2.4359 2.5826 2.6386 2.6630 2.5759 2.7386 2.5211 2.6401 2.5587 2.6221 2.5134
1.8351 1.9842 1.7982 2.0473 2.0368 2.2310 2.3191 2.3834 2.4323 2.4874 2.5183 2.5900 2.5020 2.5990 2.6627 2.7088 2.4774 2.7611 2.7554 2.7611 2.7868 2.7491 2.9488 2.8183 2.7265 2.6429 2.8306 2.7442 2.6963 2.7908 2.7053 2.6721 2.6796 2.7453 2.6933 2.7289 2.6556 2.7042 2.7457 2.6929 2.6615 2.7104 2.9173 2.3328 2.5114 2.3656 2.1048 2.2194 2.4308 2.5826 2.2610 2.6202 2.6077 2.8361 2.6515 2.7150 2.5750 2.6441 2.5738 2.5417
1.6475 1.9049 1.9872 2.0493 2.1019 2.1873 2.2246 2.3605 2.4174 2.4184 2.4474 2.5206 2.4858 2.4358 2.6348 2.6093 2.6990 2.6693 2.6580 2.8582 2.8066 2.7611 2.7998 2.7506 2.6995 2.6082 2.6825 2.7637 2.5083 2.7654 2.8050 2.7498 2.7640 2.6694 2.8447 2.6473 2.6807 2.7813 2.7975 2.7117 2.6383 2.7271 2.5351 2.7130 2.1841 2.4668 1.9388 2.5475 2.3288 2.6106 2.7132 2.8194 2.6387 2.5843 2.7525 2.7380 2.5956 2.6879 2.5737 2.5268
