tests/files/spatial_manager/layers/compound/US/US0101201602.asc
ncols	60
nrows	60
xllcorner	390242.99999940
yllcorner	3870256.0000075
cellsize	500.00000000000
NODATA_value	-9999.000000
[rows 0 to 38 of 60, columns 0 to 59 of 60]
4.6669 4.4693 4.5060 4.4067 4.5726 4.3743 4.4668 4.1483 4.7862 4.6901 4.4001 4.4450 4.3898 4.3814 4.2354 4.2739 4.2600 4.2042 4.1805 4.2027 4.1837 4.1044 4.1047 4.0549 3.9310 3.9705 4.0483 3.8859 3.8033 3.7797 3.7464 3.7222 3.7380 3.6312 3.5457 3.5389 3.4958 3.4010 3.4273 3.3935 -9999 -9999 -9999 -9999 -9999 -9999 -9999 -9999 -9999 -9999 -9999 -9999 -9999 -9999 -9999 -9999 -9999 -9999 -9999 -9999
4.4510 4.3975 4.4056 4.5826 4.5307 4.2639 4.2204 4.5069 4.3451 4.4499 4.3639 4.7443 4.2972 4.1695 4.6145 4.2104 4.2433 4.2012 4.1557 3.9864 4.2358 4.1836 4.0664 3.9977 3.9242 3.8332 3.9016 3.9154 3.7740 3.7109 3.7328 3.6840 3.6570 3.6377 3.6266 3.5601 3.5395 3.4616 3.3998 3.3738 -9999 -9999 -9999 -9999 -9999 -9999 -9999 -9999 -9999 -9999 -9999 -9999 -9999 -9999 -9999 -9999 -9999 -9999 -9999 -9999
4.4128 4.4705 4.5570 4.4883 4.4828 4.3829 3.8891 4.3091 4.3811 4.4017 4.4471 4.3629 4.3930 4.1915 4.2797 4.2042 4.1061 4.1890 4.0900 4.1550 3.9960 4.1924 4.0831 3.9364 3.8878 3.8037 3.9521 3.8074 3.7530 3.7100 3.6208 3.6586 3.6301 3.5775 3.5808 3.5071 3.5490 3.4591 3.3351 3.3398 -9999 -9999 -9999 -9999 -9999 -9999 -9999 -9999 -9999 -9999 -9999 -9999 -9999 -9999 -9999 -9999 -9999 -9999 -9999 -9999
4.7265 4.5465 4.3210 4.6819 4.5211 4.3628 4.3090 4.3018 4.3003 4.3526 4.4119 4.4234 4.3810 4.2791 4.3662 4.1363 4.1933 4.1150 3.9430 4.0807 4.2152 4.2879 4.0212 3.8429 3.8508 3.7976 3.7524 3.7731 3.7201 3.6266 3.6855 3.5990 3.5539 3.5493 3.4725 3.5651 3.5179 3.4667 3.3975 3.3977 -9999 -9999 -9999 -9999 -9999 -9999 -9999 -9999 -9999 -9999 -9999 -9999 -9999 -9999 -9999 -9999 -9999 -9999 -9999 -9999
4.5301 4.8041 4.1782 4.4584 4.4658 4.4126 4.3119 4.1895 4.1940 4.6045 4.3691 4.2947 4.2243 4.2687 4.2274 4.3004 4.1460 4.1075 4.0381 3.8952 3.8513 4.1673 3.9944 3.9307 3.8675 3.7783 3.7404 3.7308 3.7136 3.6809 3.6138 3.6129 3.5066 3.5482 3.5032 3.3977 3.6057 3.4080 3.2924 3.2207 -9999 -9999 -9999 -9999 -9999 -9999 -9999 -9999 -9999 -9999 -9999 -9999 -9999 -9999 -9999 -9999 -9999 -9999 -9999 -9999
5.1635 4.7672 4.8871 4.7911 4.6778 4.5738 4.3658 4.2131 4.2972 4.2551 4.3059 4.3050 4.2848 4.1884 4.1172 4.1416 4.1465 4.0586 4.0046 4.0091 4.0134 4.0502 3.9414 3.8738 3.8583 3.7253 3.7461 3.6956 3.7600 3.6252 3.6687 3.5657 3.4630 3.4932 3.4214 3.4586 3.4361 3.3463 3.3451 3.3008 -9999 -9999 -9999 -9999 -9999 -9999 -9999 -9999 -9999 -9999 -9999 -9999 -9999 -9999 -9999 -9999 -9999 -9999 -9999 -9999
5.6057 5.3416 4.9992 4.5102 4.7163 4.4126 4.2965 4.2593 4.4348 4.2816 4.3047 4.2734 4.2326 4.2495 4.1866 4.2562 4.0630 4.0532 4.0497 4.0170 4.0360 4.0075 4.1669 3.9761 3.8462 3.7565 3.7099 3.5953 3.6181 3.6249 3.5548 3.5171 3.5489 3.4742 3.4932 3.3944 3.3817 3.2978 3.3034 3.2656 -9999 -9999 -9999 -9999 -9999 -9999 -9999 -9999 -9999 -9999 -9999 -9999 -9999 -9999 -9999 -9999 -9999 -9999 -9999 -9999
5.0962 5.2290 4.9704 4.8057 4.5012 4.4605 4.2956 4.0787 4.4326 4.3830 4.2164 4.3006 4.1979 4.2181 4.1712 4.0582 4.0175 4.0326 4.0537 3.9602 3.9118 3.9252 4.0928 3.9810 3.9208 3.7320 3.6915 3.6503 3.5867 3.6005 3.5292 3.5148 3.5003 3.4521 3.3886 3.4257 3.2707 3.4105 3.2320 3.2060 -9999 -9999 -9999 -9999 -9999 -9999 -9999 -9999 -9999 -9999 -9999 -9999 -9999 -9999 -9999 -9999 -9999 -9999 -9999 -9999
4.7227 5.5220 4.7607 4.7106 4.4813 4.3710 4.2402 4.1769 4.1861 4.2788 4.2514 4.2560 4.3795 4.2784 4.1069 4.0666 4.0332 3.9844 3.9326 3.8911 3.9052 3.8793 3.8833 3.8633 3.9875 3.7867 3.7701 3.6584 3.6087 3.5847 3.4797 3.4772 3.4817 3.4290 3.4076 3.3115 3.2640 3.2507 3.2387 3.1916 -9999 -9999 -9999 -9999 -9999 -9999 -9999 -9999 -9999 -9999 -9999 -9999 -9999 -9999 -9999 -9999 -9999 -9999 -9999 -9999
5.3672 4.5538 5.0331 4.5332 4.4642 4.5141 4.2162 4.2152 4.2178 3.9041 4.2103 4.2508 4.1984 4.3139 4.3303 4.1320 4.0293 3.9115 3.9425 3.8801 3.8628 3.9123 3.7248 3.8244 3.8481 3.7641 3.6644 3.6601 3.5754 3.6399 3.4862 3.4506 3.4385 3.4450 3.4195 3.4755 3.2282 3.2231 3.1924 3.1339 -9999 -9999 -9999 -9999 -9999 -9999 -9999 -9999 -9999 -9999 -9999 -9999 -9999 -9999 -9999 -9999 -9999 -9999 -9999 -9999
4.3115 4.4101 4.6144 4.3268 4.3359 4.2943 4.2237 4.2668 4.2378 4.1369 4.2017 4.1979 4.3162 3.9759 4.3123 4.3581 4.0476 3.9492 3.8554 3.8443 3.8219 3.6115 3.7636 3.8364 3.7909 3.7393 3.6754 3.6187 3.5552 3.5755 3.3616 3.3903 3.3892 3.4008 3.2859 3.3387 3.2342 3.1854 3.1611 3.1322 -9999 -9999 -9999 -9999 -9999 -9999 -9999 -9999 -9999 -9999 -9999 -9999 -9999 -9999 -9999 -9999 -9999 -9999 -9999 -9999
4.4009 4.6857 4.4169 4.4808 4.2824 4.1722 4.1709 4.0054 4.3367 4.2160 4.1752 4.2073 4.1014 4.0324 4.1504 4.1067 4.0937 3.9438 3.9138 3.8457 3.8257 3.8010 3.7842 3.6878 3.7582 3.7016 3.7122 3.6204 3.5977 3.5454 3.4209 3.3459 3.3453 3.4086 3.2118 3.3297 3.2014 3.2209 3.1337 3.0943 -9999 -9999 -9999 -9999 -9999 -9999 -9999 -9999 -9999 -9999 -9999 -9999 -9999 -9999 -9999 -9999 -9999 -9999 -9999 -9999
4.4112 4.1681 4.3551 4.3411 4.2126 4.2360 4.0646 4.0547 4.1116 4.2640 4.1291 4.2300 4.0651 4.0506 4.1313 4.1207 4.0932 4.0310 4.0163 3.8807 3.8502 3.8503 3.6344 3.6644 3.6335 3.6924 3.6040 3.5581 3.5936 3.4288 3.3632 3.3160 3.4286 3.3244 3.1921 3.3466 3.2422 3.1578 3.1252 3.0766 -9999 -9999 -9999 -9999 -9999 -9999 -9999 -9999 -9999 -9999 -9999 -9999 -9999 -9999 -9999 -9999 -9999 -9999 -9999 -9999
4.1040 4.1250 4.3244 4.5445 4.2528 4.1104 3.9563 4.1051 3.9947 4.1176 4.1775 4.0429 4.1151 4.0379 3.9928 4.0624 4.0788 3.9754 3.9753 3.9774 3.8549 3.8313 3.7267 3.7052 3.5696 3.5859 3.5783 3.5356 3.4086 3.3698 3.3514 3.3189 3.3305 3.2794 3.2700 3.2531 3.2056 3.1576 3.0860 3.0713 -9999 -9999 -9999 -9999 -9999 -9999 -9999 -9999 -9999 -9999 -9999 -9999 -9999 -9999 -9999 -9999 -9999 -9999 -9999 -9999
4.0622 3.9926 4.0069 4.1175 3.8541 4.1580 3.9420 3.8928 3.9345 4.0493 4.0375 4.0260 4.0232 3.9188 4.0807 4.0376 3.8945 3.9834 3.9496 3.9277 3.8482 3.8391 3.7919 3.7424 3.5959 3.6618 3.4883 3.4118 3.3705 3.3356 3.3006 3.2826 3.2906 3.2397 3.3061 3.2221 3.2173 3.1571 3.0605 3.0603 -9999 -9999 -9999 -9999 -9999 -9999 -9999 -9999 -9999 -9999 -9999 -9999 -9999 -9999 -9999 -9999 -9999 -9999 -9999 -9999
4.1784 4.0846 4.0021 4.1191 4.0719 4.1181 3.9178 3.9788 4.0705 3.9319 4.0788 4.0774 4.0209 3.9572 3.9881 3.9327 3.9142 3.9571 3.9191 3.9441 3.7098 3.6752 3.6560 3.6323 3.6173 3.5140 3.4876 3.4257 3.2956 3.3130 3.2769 3.2090 3.2580 3.2378 3.1564 3.1307 3.4131 3.2548 3.0540 3.0378 -9999 -9999 -9999 -9999 -9999 -9999 -9999 -9999 -9999 -9999 -9999 -9999 -9999 -9999 -9999 -9999 -9999 -9999 -9999 -9999
3.9736 3.9918 4.2469 4.2658 4.4994 4.1655 4.0149 4.1162 4.0056 3.9580 4.0262 4.0051 4.0212 3.9532 3.8810 3.8681 3.8796 3.8565 3.8419 3.8223 3.6105 3.6311 3.6339 3.7634 3.5256 3.7710 3.3706 3.4200 3.3168 3.2784 3.2867 3.2238 3.2189 3.2022 3.1650 3.1518 3.2958 3.1883 3.0272 3.0282 -9999 -9999 -9999 -9999 -9999 -9999 -9999 -9999 -9999 -9999 -9999 -9999 -9999 -9999 -9999 -9999 -9999 -9999 -9999 -9999
4.2550 3.8322 4.0423 3.8891 4.0902 4.3627 4.1330 3.9234 4.2430 4.2102 3.8730 3.9284 3.9600 3.8851 3.7461 3.8803 3.8696 3.9104 4.1682 3.8935 3.7366 3.6903 3.6478 3.5444 3.4139 3.5830 3.4767 3.3415 3.3226 3.2732 3.2693 3.2382 3.1983 3.1857 3.1911 3.1156 3.2293 3.0978 3.0210 3.0315 -9999 -9999 -9999 -9999 -9999 -9999 -9999 -9999 -9999 -9999 -9999 -9999 -9999 -9999 -9999 -9999 -9999 -9999 -9999 -9999
4.1094 4.1141 4.2569 3.9229 4.0580 4.0191 4.1075 4.0519 4.0815 3.9239 3.9759 3.8977 3.9268 3.8695 3.8523 3.7561 3.9979 3.9751 3.7524 3.7709 3.7074 3.5995 3.6202 3.5249 3.5066 3.3834 3.4759 3.3745 3.3081 3.2718 3.2617 3.2344 3.1473 3.1460 3.1421 3.1545 3.1551 3.1381 3.0223 3.0027 -9999 -9999 -9999 -9999 -9999 -9999 -9999 -9999 -9999 -9999 -9999 -9999 -9999 -9999 -9999 -9999 -9999 -9999 -9999 -9999
4.1700 4.1170 4.3569 4.1186 4.1025 4.0827 4.0432 4.0816 4.0453 3.9862 4.0258 3.9533 3.9112 3.8737 3.8391 3.8582 3.7251 3.7894 3.6349 3.6664 3.5808 3.6217 3.5820 3.5183 3.6985 3.4127 3.4642 3.3347 3.3012 3.2527 3.2311 3.1764 3.3688 3.1762 3.1471 3.1412 3.0794 3.0741 3.0711 2.9948 -9999 -9999 -9999 -9999 -9999 -9999 -9999 -9999 -9999 -9999 -9999 -9999 -9999 -9999 -9999 -9999 -9999 -9999 -9999 -9999
4.0592 3.9501 4.0964 4.4235 4.2390 3.9930 4.1928 4.1695 4.0935 3.9903 3.7782 3.9908 3.8803 3.8846 3.8200 3.7840 3.8186 3.7637 3.6746 3.6153 3.6868 3.5328 3.5530 3.4735 3.4174 3.3211 3.0472 3.1878 3.3000 3.2269 3.1883 3.1470 3.1376 3.0788 3.1027 3.0878 3.0603 3.0180 3.0091 2.9793 2.9248 2.9050 2.8577 2.8550 2.8238 2.8244 2.8155 2.7789 2.7601 2.7335 2.7413 2.7906 2.6404 2.6162 -9999 -9999 -9999 -9999 2.6139 2.7276
3.8681 4.0168 4.1941 3.7591 4.4823 4.0722 3.9369 4.3939 4.1221 4.0414 3.9893 3.9401 3.8821 3.8309 3.8186 3.7931 3.7152 3.7909 3.6298 3.6502 3.5933 3.6211 3.5380 3.5398 3.3841 3.3030 3.2908 3.2002 3.1823 3.1126 3.1602 3.1516 3.1170 2.8978 3.0250 3.0668 3.0122 3.0035 3.0043 2.9446 2.8953 2.8616 2.8573 2.8363 2.7716 2.8338 2.7925 2.7439 2.7483 2.6962 2.6957 2.6858 2.6654 2.6712 2.6301 2.8585 2.5413 2.5959 2.4882 2.7345
4.0564 3.9731 3.9293 3.8284 3.9492 3.9513 4.0939 4.0475 4.4773 4.2131 4.0361 4.2138 4.0738 4.1250 3.7996 3.7114 3.5529 3.7037 3.6401 3.5704 3.5987 3.5167 3.4417 3.4079 3.3656 3.3259 3.2716 3.2162 3.1720 3.1405 3.0747 3.1276 3.0528 3.0629 3.0451 3.0525 2.9096 2.9218 2.9070 2.9638 2.9292 2.9717 2.7626 2.7844 2.7799 2.7854 2.7703 2.7775 2.7453 2.6920 2.6964 2.6711 2.6282 2.5952 2.6760 2.9292 2.8108 2.6850 2.6543 2.7388
4.0163 3.9053 3.9451 3.9363 3.9471 4.1938 4.0978 4.0468 3.9173 4.2249 3.9204 3.9269 3.8289 4.2620 3.9992 3.7272 3.6168 3.6291 3.5072 3.5857 3.5561 3.2580 3.3998 3.2976 3.2380 3.2218 3.2139 3.1772 3.1504 3.1264 3.1101 3.0809 3.0748 2.8763 2.9566 2.5283 2.9809 2.5336 2.8016 2.9103 2.8145 2.8836 2.8638 2.8443 2.7702 2.7896 2.7888 2.8016 2.7786 2.7060 2.6722 2.6630 2.6911 2.6431 2.6301 2.7107 2.6985 2.7707 2.6807 2.7170
3.9694 3.8270 3.8529 3.8683 3.9245 3.9127 4.0733 4.0030 4.0183 3.8980 3.9668 3.9152 3.8521 3.8427 4.0181 3.8071 3.8841 3.6064 3.5499 3.5479 3.4673 3.5004 3.3514 3.3179 3.2795 3.2256 3.2053 3.1893 3.1105 3.0976 3.0754 3.0549 3.0438 2.9968 2.9016 3.0210 2.9554 2.2445 3.1614 2.8485 2.8349 2.7646 2.7911 2.9492 2.8389 2.8152 2.7821 2.7572 2.7145 2.7516 2.7047 2.6976 2.6880 2.6638 2.6543 2.6899 2.6905 2.6045 2.6224 2.6045
3.8920 3.6796 3.9485 3.7344 3.9463 3.9393 4.1466 3.9941 4.0473 3.9783 3.8388 3.9823 3.8499 3.8909 3.9742 3.8360 3.8538 3.6555 3.5639 3.5477 3.4367 3.3101 3.2579 3.5206 3.2459 3.2794 3.1983 3.0332 3.3480 3.1136 3.0429 3.0152 3.0418 2.9825 2.9233 2.8942 2.8439 3.0202 2.7859 2.3493 2.6414 2.7446 2.7844 2.8857 2.8611 2.7801 2.7343 2.7148 2.6784 2.7418 2.6845 2.6791 2.6778 2.6581 2.6703 2.6383 2.6847 2.8149 2.5752 2.7031
3.6740 3.8247 3.8794 3.6978 3.7750 3.9171 3.8518 3.8468 3.9726 3.9712 3.9403 3.8543 3.8689 3.8855 3.8744 3.9456 3.7199 3.6928 3.4772 3.4618 3.5305 3.3875 3.2318 3.3578 3.3183 3.3281 3.2958 3.1195 3.1902 3.0903 3.1504 3.0421 2.9775 2.9540 2.8713 2.9113 2.6826 2.7898 2.8677 2.6021 2.4837 2.5929 2.6105 2.7682 2.7829 2.7866 2.7010 2.7853 2.6810 2.5264 2.7151 2.6749 2.5100 2.6034 2.6696 2.5907 2.7618 2.6770 2.7012 2.5314
3.8775 3.8391 3.8084 3.7724 3.7799 3.7691 3.8216 3.7864 3.6873 3.7390 3.7525 3.8815 3.7390 3.6185 3.7924 3.7408 3.6802 3.8562 3.5750 3.5821 3.4660 3.3939 3.2584 3.3464 3.2923 3.2935 3.1464 3.0544 3.2181 3.1404 2.9630 3.0248 2.9931 2.9681 2.9321 2.8767 2.8947 2.8329 3.0449 3.0210 2.2719 2.7497 2.5754 2.7799 2.7784 2.7216 2.7164 2.6532 2.4748 2.6422 2.7612 2.6649 2.5751 2.5666 2.7178 2.6317 2.6427 2.7509 2.7386 2.6945
3.8056 3.7865 3.8168 3.7667 3.8644 3.7784 3.8475 3.6854 3.9109 3.8054 3.9774 3.6622 3.4721 3.6968 3.8455 3.7422 3.7743 3.6043 3.7031 3.5107 3.4771 3.5582 3.2919 3.7234 3.2947 3.4901 3.2079 3.0123 3.1395 3.2605 3.2117 3.0093 2.9520 3.0096 2.9415 2.9299 3.0386 2.8773 2.9447 2.5167 2.6084 2.3123 2.2235 2.6799 2.6836 2.7796 2.7544 2.6131 2.4251 2.6057 2.6509 2.6610 2.6360 2.7111 2.7524 2.7590 2.5782 2.5726 2.7113 2.7300
3.6913 3.8429 3.7783 3.7647 3.8174 3.7679 3.7112 3.6933 3.7466 3.7964 3.7427 3.6689 3.5869 3.7235 3.8048 3.5727 3.5425 3.6375 3.6188 3.5510 3.0943 3.3971 3.3588 3.3188 3.5002 3.2276 3.2699 3.1199 3.1331 3.0415 3.1102 3.0657 2.9350 3.0072 2.9438 2.9807 2.9824 2.8712 2.8247 2.8426 2.8732 2.8744 2.2399 2.1735 2.5282 2.5107 2.4265 2.5183 2.3231 2.5896 2.5672 2.8219 2.6274 2.6696 2.7383 2.6770 2.7050 2.6605 2.5797 2.6901
3.8201 3.9745 3.8200 3.7704 3.7624 3.7132 3.8308 3.7675 3.8205 3.7765 3.7790 3.6497 3.3038 3.7618 3.8764 3.6977 3.5950 3.6518 3.5670 3.3212 3.2418 3.1501 3.3132 3.3332 3.1557 3.3526 3.2959 3.1249 3.0839 2.9017 3.3275 3.0672 3.0308 2.9515 2.9411 2.9117 2.9422 2.9374 2.9380 2.8537 2.8448 2.8250 2.8779 2.4655 2.0856 2.0036 2.6690 2.5634 2.6770 2.6276 2.6320 2.6610 2.5479 2.2865 2.6848 2.7160 2.6807 2.7197 2.6827 2.7115
3.7419 3.8099 3.7935 3.7315 3.7329 3.4972 3.8202 3.7353 3.6565 3.6318 3.7064 3.6953 3.8035 3.7502 3.6871 3.7517 3.8562 3.5252 3.4398 3.3714 3.2517 3.2299 3.0851 3.3495 3.2173 3.2430 3.1748 3.1847 3.1215 3.0628 2.9772 2.9934 2.9988 2.9690 2.9318 2.8807 2.9021 3.0664 2.8279 2.8394 2.8498 2.7494 2.7592 2.7126 1.9566 2.4725 2.6583 2.5847 2.5989 2.9053 2.6194 2.5051 2.5313 2.8667 2.6948 2.6951 2.7055 2.7089 2.7046 2.6870
3.8008 3.8376 3.8568 3.7470 3.7215 3.5191 3.7062 3.7659 3.4214 3.5137 3.6515 3.6047 3.3812 3.7927 3.6850 3.3869 3.6375 3.8936 3.3830 3.7109 3.1868 3.1805 2.8694 3.2235 3.1348 3.2303 3.0386 3.0792 3.1197 2.8629 2.8953 2.9462 3.0298 2.9296 2.8838 2.7094 2.8833 2.8023 2.8652 2.8294 2.7176 2.6846 2.7608 2.9152 2.4035 2.2642 2.7571 2.5374 2.5517 2.0829 2.0583 2.3590 2.4886 2.7965 2.5207 2.6444 2.7312 2.6692 2.5982 2.6274
3.8077 3.8115 3.8210 3.7166 3.7472 3.7166 3.7059 3.7513 3.6807 3.6177 3.6177 3.6191 3.5552 3.5498 3.6509 3.5950 3.5547 3.4612 3.3751 3.2374 3.1753 3.3354 2.9941 3.2195 3.2088 3.0160 2.9388 2.9408 3.0370 2.7700 2.9025 2.8480 2.8544 2.9638 2.8997 2.8199 2.7722 2.7272 2.8484 2.7547 2.5386 2.6825 2.7749 3.0180 2.6541 1.9620 2.3714 2.5668 2.5978 1.7992 2.3898 2.6548 2.5785 2.7824 2.7267 2.6460 2.6523 2.6545 2.7257 2.6396
3.8471 3.6878 3.1371 3.6942 3.6543 3.6161 3.6880 3.6505 3.6578 3.6005 3.5537 3.3622 3.5315 3.3829 3.5825 3.4633 3.3805 3.3506 3.2875 3.3112 3.1452 3.2168 3.1214 3.0113 3.0522 3.1199 3.2406 2.9927 3.0335 2.9267 2.8706 2.8049 2.8799 2.9249 2.8689 2.7746 2.6673 2.7132 2.7351 2.9061 2.8372 2.7260 2.7730 2.7280 2.8786 2.6965 2.2359 2.3516 2.2921 2.1542 2.6412 2.4362 2.6076 2.6790 2.7689 2.6669 2.6784 2.5900 2.5931 2.6491
3.7281 3.7211 3.4226 3.6017 3.6449 3.6441 3.6438 3.6403 3.5627 3.5221 3.5467 3.6821 3.4560 3.3815 3.4945 3.3747 3.3673 3.3294 3.3030 3.2458 3.2130 2.9853 3.0731 2.9898 2.9130 2.3827 3.0130 3.0071 2.9677 2.9230 2.8689 2.8228 2.8297 2.8323 2.8361 2.7707 2.7295 2.8309 2.7062 2.7472 2.8198 2.7759 2.5520 2.7105 2.6743 2.3309 2.2262 2.0770 2.1451 2.3304 2.5764 2.6328 2.3676 2.5734 2.6964 2.7187 2.6366 2.6876 2.6550 2.6895
3.5155 3.5653 3.6154 3.5861 3.6497 3.2354 3.6685 3.6007 3.5926 3.5597 3.5338 3.5603 3.3629 3.3562 3.4149 3.4201 3.3312 3.3515 3.3123 3.1591 3.1891 3.2227 3.0760 2.9982 3.1343 3.0704 2.9857 2.9793 2.8531 2.8689 2.7176 2.8109 2.7589 2.8163 2.7407 2.7465 2.7496 2.7888 2.7520 2.7107 2.7618 2.7457 2.8275 2.6224 2.7468 2.9766 2.6433 1.9769 2.8160 2.4290 2.5792 2.6400 2.6703 2.5895 2.7607 2.5494 2.6789 2.6059 2.6811 2.5808
3.5987 3.7243 3.2374 3.5428 3.3943 3.5876 3.6054 3.5890 3.5539 3.5326 3.4820 3.4923 3.2949 3.3477 3.3593 3.3518 3.0103 3.2987 3.2402 3.1992 3.1849 3.1018 3.2877 3.1074 2.9754 2.8567 3.0325 2.9160 2.8434 2.9226 2.8150 2.7641 2.7571 2.8110 2.7458 2.7712 2.6875 2.7284 2.7631 2.7041 2.6678 2.7130 2.9172 2.3313 2.5091 2.3637 2.1042 2.2206 2.4349 2.5909 2.2724 2.6392 2.6332 2.8718 2.6932 2.7672 2.6341 2.7155 2.6545 2.6331
3.2760 3.6214 3.6197 3.5842 3.5371 3.5486 3.4863 3.5803 3.5552 3.4548 3.4019 3.4147 3.2873 3.1491 3.3352 3.2382 3.2882 3.1964 3.1321 3.3180 3.2129 3.1201 3.1260 3.0369 2.9498 2.8228 2.8775 2.9405 2.6487 2.9002 2.9232 2.8493 2.8492 2.7388 2.9065 2.6948 2.7200 2.8142 2.8240 2.7321 2.6542 2.7405 2.5458 2.7236 2.1927 2.4777 1.9489 2.5637 2.3471 2.6359 2.7454 2.8599 2.6841 2.6370 2.8181 2.8135 2.6777 2.7847 2.6782 2.6417
