tests/files/spatial_manager/layers/compound/TA/TA0101201607.asc
ncols	60
nrows	60
xllcorner	390242.99999940
yllcorner	3870256.0000075
cellsize	500.00000000000
NODATA_value	-9999.000000
[rows 0 to 38 of 60, columns 0 to 59 of 60]
-7.232 -7.451 -7.449 -7.311 -7.510 -7.495 -7.700 -7.675 -8.351 -7.727 -7.726 -7.762 -7.808 -7.756 -7.711 -7.726 -7.760 -7.799 -7.842 -7.910 -7.943 -7.952 -8.025 -8.011 -7.946 -8.013 -7.968 -7.926 -7.945 -8.034 -8.181 -8.090 -8.004 -7.990 -8.068 -8.180 -8.180 -8.103 -7.978 -8.037 -9999 -9999 -9999 -9999 -9999 -9999 -9999 -9999 -9999 -9999 -9999 -9999 -9999 -9999 -9999 -9999 -9999 -9999 -9999 -9999
-7.555 -7.510 -7.580 -7.301 -7.679 -7.575 -7.592 -7.886 -8.124 -8.075 -8.121 -8.105 -7.819 -7.823 -7.889 -7.743 -7.812 -7.835 -7.902 -8.029 -8.059 -8.017 -7.931 -7.924 -7.968 -8.158 -8.407 -7.990 -7.929 -8.067 -8.138 -8.060 -8.064 -7.989 -8.025 -8.047 -7.964 -7.943 -7.945 -7.973 -9999 -9999 -9999 -9999 -9999 -9999 -9999 -9999 -9999 -9999 -9999 -9999 -9999 -9999 -9999 -9999 -9999 -9999 -9999 -9999
-7.654 -7.677 -7.639 -7.678 -7.805 -7.455 -7.528 -7.752 -7.859 -7.972 -8.141 -8.286 -7.955 -7.953 -7.893 -7.775 -7.804 -7.884 -8.006 -8.344 -8.454 -8.097 -7.952 -7.926 -7.973 -8.063 -8.275 -8.017 -7.920 -8.030 -8.005 -8.018 -8.027 -8.040 -8.107 -8.019 -8.055 -8.051 -7.965 -7.927 -9999 -9999 -9999 -9999 -9999 -9999 -9999 -9999 -9999 -9999 -9999 -9999 -9999 -9999 -9999 -9999 -9999 -9999 -9999 -9999
-7.859 -7.786 -7.710 -8.267 -7.797 -7.530 -7.538 -7.756 -7.888 -7.954 -8.020 -8.034 -8.033 -7.871 -7.893 -7.829 -7.909 -7.936 -8.120 -8.559 -8.967 -8.335 -7.973 -7.924 -7.962 -7.952 -7.942 -7.924 -7.913 -7.971 -7.970 -7.962 -8.046 -8.088 -8.146 -8.086 -8.055 -8.108 -8.078 -7.973 -9999 -9999 -9999 -9999 -9999 -9999 -9999 -9999 -9999 -9999 -9999 -9999 -9999 -9999 -9999 -9999 -9999 -9999 -9999 -9999
-8.650 -8.196 -7.837 -8.191 -7.822 -7.624 -7.624 -7.645 -7.781 -7.949 -7.986 -7.997 -8.001 -8.152 -8.021 -7.914 -7.853 -7.993 -7.988 -8.306 -8.464 -8.184 -7.926 -7.886 -7.855 -7.874 -7.887 -7.920 -7.953 -7.933 -7.926 -7.992 -8.021 -8.092 -8.130 -8.165 -8.181 -8.149 -8.072 -7.960 -9999 -9999 -9999 -9999 -9999 -9999 -9999 -9999 -9999 -9999 -9999 -9999 -9999 -9999 -9999 -9999 -9999 -9999 -9999 -9999
-8.723 -8.174 -8.159 -8.308 -7.960 -7.708 -7.748 -7.703 -7.693 -7.890 -7.848 -7.876 -7.812 -7.990 -7.901 -7.853 -7.935 -7.837 -7.946 -8.188 -8.151 -8.019 -7.891 -7.855 -7.849 -7.840 -7.846 -7.922 -7.974 -7.941 -7.927 -7.941 -7.972 -8.034 -8.078 -8.223 -8.096 -8.071 -8.059 -7.936 -9999 -9999 -9999 -9999 -9999 -9999 -9999 -9999 -9999 -9999 -9999 -9999 -9999 -9999 -9999 -9999 -9999 -9999 -9999 -9999
-9.016 -8.834 -8.594 -8.445 -8.047 -7.781 -7.705 -7.715 -7.823 -7.747 -7.834 -7.799 -7.831 -7.843 -7.850 -7.884 -7.774 -7.812 -7.913 -7.940 -8.016 -7.917 -8.045 -7.897 -7.869 -7.834 -7.836 -7.858 -7.920 -7.909 -7.896 -7.910 -7.925 -7.922 -8.020 -7.998 -8.046 -7.994 -8.010 -7.900 -9999 -9999 -9999 -9999 -9999 -9999 -9999 -9999 -9999 -9999 -9999 -9999 -9999 -9999 -9999 -9999 -9999 -9999 -9999 -9999
-9.487 -9.347 -8.649 -8.201 -7.923 -7.796 -7.723 -7.746 -7.979 -7.795 -7.785 -7.796 -7.802 -7.912 -7.938 -7.755 -7.770 -7.804 -7.892 -7.894 -7.933 -7.969 -8.195 -7.994 -7.966 -7.876 -7.842 -7.837 -7.855 -7.852 -7.841 -7.899 -7.890 -7.897 -7.918 -7.915 -7.880 -7.966 -7.838 -7.853 -9999 -9999 -9999 -9999 -9999 -9999 -9999 -9999 -9999 -9999 -9999 -9999 -9999 -9999 -9999 -9999 -9999 -9999 -9999 -9999
-9.687 -9.429 -8.642 -8.204 -7.900 -7.736 -7.709 -7.701 -7.756 -7.823 -7.787 -7.831 -7.961 -8.016 -7.804 -7.775 -7.773 -7.824 -7.852 -7.892 -7.871 -7.922 -7.986 -8.376 -8.407 -7.976 -7.990 -7.868 -7.856 -7.875 -7.855 -7.871 -7.909 -7.879 -7.900 -7.784 -7.786 -7.803 -7.828 -7.836 -9999 -9999 -9999 -9999 -9999 -9999 -9999 -9999 -9999 -9999 -9999 -9999 -9999 -9999 -9999 -9999 -9999 -9999 -9999 -9999
-9.165 -8.617 -8.427 -8.043 -7.877 -7.703 -7.683 -7.696 -7.722 -7.782 -7.811 -7.918 -8.000 -8.041 -7.910 -7.858 -7.828 -7.773 -7.881 -7.907 -7.913 -7.864 -7.937 -8.191 -8.097 -8.031 -8.031 -7.993 -7.911 -7.839 -7.816 -7.816 -7.887 -7.998 -8.109 -8.100 -7.763 -7.800 -7.807 -7.762 -9999 -9999 -9999 -9999 -9999 -9999 -9999 -9999 -9999 -9999 -9999 -9999 -9999 -9999 -9999 -9999 -9999 -9999 -9999 -9999
-8.618 -8.494 -8.070 -7.796 -7.730 -7.738 -7.794 -7.711 -7.719 -7.787 -7.850 -7.919 -7.996 -7.967 -8.482 -8.110 -7.859 -7.786 -7.843 -7.902 -7.938 -7.803 -7.950 -8.023 -8.020 -8.004 -7.989 -7.960 -7.906 -7.899 -7.723 -7.801 -7.918 -7.984 -8.059 -8.065 -7.822 -7.773 -7.786 -7.774 -9999 -9999 -9999 -9999 -9999 -9999 -9999 -9999 -9999 -9999 -9999 -9999 -9999 -9999 -9999 -9999 -9999 -9999 -9999 -9999
-8.132 -8.086 -7.973 -7.740 -7.610 -7.565 -7.685 -7.799 -7.821 -7.815 -7.917 -7.954 -7.794 -7.885 -8.053 -8.030 -8.063 -7.960 -7.801 -7.833 -7.812 -7.839 -7.758 -7.931 -7.961 -7.952 -7.993 -7.968 -7.938 -7.882 -7.701 -7.712 -7.895 -7.975 -7.997 -7.940 -7.738 -7.727 -7.726 -7.727 -9999 -9999 -9999 -9999 -9999 -9999 -9999 -9999 -9999 -9999 -9999 -9999 -9999 -9999 -9999 -9999 -9999 -9999 -9999 -9999
-7.813 -7.724 -7.782 -7.697 -7.532 -7.503 -7.591 -7.683 -7.839 -7.840 -7.868 -7.939 -7.779 -7.839 -7.941 -8.035 -8.017 -8.015 -8.008 -7.886 -7.880 -7.767 -7.754 -7.690 -7.895 -7.904 -7.866 -7.908 -7.871 -7.711 -7.679 -7.664 -7.797 -7.897 -7.860 -7.908 -7.844 -7.719 -7.716 -7.724 -9999 -9999 -9999 -9999 -9999 -9999 -9999 -9999 -9999 -9999 -9999 -9999 -9999 -9999 -9999 -9999 -9999 -9999 -9999 -9999
-7.447 -7.489 -7.575 -7.534 -7.455 -7.401 -7.460 -7.645 -7.652 -7.757 -7.862 -7.728 -7.789 -7.850 -8.127 -8.091 -8.089 -8.069 -8.026 -7.970 -7.794 -7.889 -7.774 -7.793 -7.657 -7.860 -7.847 -7.812 -7.651 -7.624 -7.632 -7.646 -7.752 -7.784 -7.797 -7.793 -7.735 -7.705 -7.705 -7.714 -9999 -9999 -9999 -9999 -9999 -9999 -9999 -9999 -9999 -9999 -9999 -9999 -9999 -9999 -9999 -9999 -9999 -9999 -9999 -9999
-7.244 -7.297 -7.295 -7.377 -7.320 -7.391 -7.357 -7.461 -7.498 -7.660 -7.591 -7.643 -7.704 -7.821 -7.956 -8.035 -7.952 -7.971 -7.981 -8.028 -8.030 -7.945 -7.906 -7.830 -7.725 -7.679 -7.664 -7.613 -7.615 -7.613 -7.615 -7.633 -7.718 -7.748 -7.866 -7.901 -7.790 -7.729 -7.692 -7.718 -9999 -9999 -9999 -9999 -9999 -9999 -9999 -9999 -9999 -9999 -9999 -9999 -9999 -9999 -9999 -9999 -9999 -9999 -9999 -9999
-7.152 -7.113 -7.128 -7.231 -7.191 -7.272 -7.354 -7.448 -7.467 -7.494 -7.721 -7.708 -7.746 -7.760 -7.886 -7.893 -7.965 -8.006 -8.024 -8.012 -7.845 -7.918 -7.834 -7.766 -7.743 -7.676 -7.685 -7.640 -7.604 -7.608 -7.621 -7.603 -7.671 -7.730 -7.966 -8.089 -8.230 -7.793 -7.682 -7.710 -9999 -9999 -9999 -9999 -9999 -9999 -9999 -9999 -9999 -9999 -9999 -9999 -9999 -9999 -9999 -9999 -9999 -9999 -9999 -9999
-6.761 -6.943 -7.094 -7.301 -7.388 -7.377 -7.454 -7.545 -7.483 -7.489 -7.823 -7.865 -7.984 -7.837 -7.804 -7.885 -8.120 -7.948 -8.291 -7.877 -7.842 -7.758 -7.735 -7.729 -7.759 -7.775 -7.679 -7.625 -7.577 -7.602 -7.647 -7.587 -7.657 -7.718 -7.909 -7.924 -8.367 -7.844 -7.681 -7.701 -9999 -9999 -9999 -9999 -9999 -9999 -9999 -9999 -9999 -9999 -9999 -9999 -9999 -9999 -9999 -9999 -9999 -9999 -9999 -9999
-6.960 -7.067 -7.210 -7.385 -7.874 -7.966 -7.581 -7.592 -7.621 -7.611 -7.537 -7.736 -7.788 -7.824 -7.780 -7.852 -7.986 -8.042 -7.964 -7.854 -7.814 -7.828 -7.732 -7.736 -7.671 -7.914 -7.640 -7.612 -7.569 -7.611 -7.640 -7.582 -7.631 -7.709 -7.804 -7.844 -7.955 -7.759 -7.661 -7.699 -9999 -9999 -9999 -9999 -9999 -9999 -9999 -9999 -9999 -9999 -9999 -9999 -9999 -9999 -9999 -9999 -9999 -9999 -9999 -9999
-7.046 -7.081 -7.127 -7.418 -7.701 -7.578 -7.520 -7.713 -7.616 -7.627 -7.604 -7.664 -7.771 -7.795 -7.762 -7.813 -7.955 -8.045 -7.975 -7.951 -7.817 -7.774 -7.668 -7.694 -7.707 -7.626 -7.711 -7.579 -7.543 -7.546 -7.552 -7.573 -7.561 -7.679 -7.758 -7.782 -7.761 -7.703 -7.643 -7.684 -9999 -9999 -9999 -9999 -9999 -9999 -9999 -9999 -9999 -9999 -9999 -9999 -9999 -9999 -9999 -9999 -9999 -9999 -9999 -9999
-7.028 -7.239 -7.378 -7.479 -7.408 -7.458 -7.532 -7.610 -7.552 -7.606 -7.604 -7.720 -7.709 -7.791 -7.837 -7.780 -7.860 -7.866 -7.780 -7.799 -7.706 -7.807 -7.693 -7.650 -7.628 -7.661 -7.659 -7.567 -7.588 -7.564 -7.549 -7.518 -7.484 -7.655 -7.729 -7.747 -7.749 -7.737 -7.699 -7.670 -9999 -9999 -9999 -9999 -9999 -9999 -9999 -9999 -9999 -9999 -9999 -9999 -9999 -9999 -9999 -9999 -9999 -9999 -9999 -9999
-6.997 -7.323 -7.370 -7.613 -7.531 -7.459 -7.593 -7.749 -7.743 -7.737 -7.686 -7.761 -7.756 -7.807 -7.835 -7.872 -7.803 -7.812 -7.776 -7.732 -7.815 -7.736 -7.786 -7.658 -7.635 -7.562 -7.495 -7.553 -7.571 -7.569 -7.543 -7.543 -7.550 -7.537 -7.694 -7.708 -7.716 -7.722 -7.694 -7.646 -7.627 -7.630 -7.648 -7.650 -7.670 -7.695 -7.704 -7.711 -7.724 -7.734 -7.744 -7.732 -7.689 -7.740 -9999 -9999 -9999 -9999 -8.080 -8.146
-6.923 -7.002 -7.210 -7.429 -7.679 -7.393 -7.553 -7.789 -7.716 -7.724 -7.758 -7.787 -7.776 -7.767 -7.773 -7.838 -7.879 -7.833 -7.712 -7.868 -7.833 -7.942 -7.959 -7.792 -7.600 -7.564 -7.458 -7.451 -7.511 -7.465 -7.499 -7.492 -7.498 -7.391 -7.612 -7.643 -7.661 -7.659 -7.667 -7.623 -7.590 -7.594 -7.613 -7.609 -7.646 -7.667 -7.684 -7.691 -7.662 -7.676 -7.720 -7.697 -7.690 -7.780 -8.103 -8.209 -7.941 -7.953 -7.924 -8.248
-6.900 -7.021 -6.808 -7.034 -7.241 -7.434 -7.668 -7.813 -8.094 -7.987 -7.862 -7.826 -7.958 -8.051 -7.825 -7.761 -7.788 -7.877 -7.878 -7.831 -7.761 -7.820 -7.717 -7.659 -7.581 -7.531 -7.488 -7.458 -7.454 -7.451 -7.437 -7.400 -7.422 -7.139 -7.571 -7.572 -7.535 -7.551 -7.607 -7.576 -7.587 -7.545 -7.554 -7.573 -7.594 -7.615 -7.633 -7.617 -7.630 -7.662 -7.642 -7.660 -7.689 -7.754 -8.129 -8.335 -8.067 -8.078 -8.171 -8.057
-6.793 -6.590 -6.879 -7.035 -7.197 -7.406 -7.629 -7.753 -7.967 -8.085 -7.942 -7.860 -8.045 -8.636 -7.971 -7.786 -7.749 -7.781 -7.781 -7.837 -7.689 -7.552 -7.519 -7.468 -7.491 -7.499 -7.449 -7.447 -7.458 -7.454 -7.474 -7.409 -7.373 -7.416 -7.429 -6.971 -7.485 -7.401 -7.454 -6.984 -7.390 -7.497 -7.513 -7.561 -7.562 -7.575 -7.613 -7.628 -7.627 -7.638 -7.611 -7.650 -7.721 -7.752 -7.928 -8.106 -8.086 -8.103 -8.069 -8.160
-6.601 -6.536 -6.726 -7.028 -7.267 -7.443 -7.618 -7.685 -7.783 -7.946 -7.826 -7.893 -7.972 -8.347 -8.112 -7.846 -7.754 -7.767 -7.802 -7.826 -7.570 -7.533 -7.496 -7.558 -7.540 -7.461 -7.439 -7.524 -7.527 -7.437 -7.442 -7.458 -7.459 -7.457 -7.416 -7.282 -6.754 -6.791 -7.078 -7.432 -7.479 -7.524 -7.474 -7.534 -7.549 -7.567 -7.602 -7.616 -7.624 -7.636 -7.593 -7.667 -7.700 -7.704 -7.874 -7.932 -7.990 -8.073 -7.961 -8.098
-6.371 -6.492 -6.708 -6.972 -7.267 -7.418 -7.587 -7.646 -7.735 -7.721 -7.860 -7.815 -7.874 -8.101 -8.101 -7.912 -7.932 -7.687 -7.774 -7.708 -7.668 -7.514 -7.583 -7.563 -7.634 -7.507 -7.449 -7.546 -7.585 -7.451 -7.433 -7.437 -7.469 -7.389 -7.357 -7.396 -7.401 -7.292 -6.559 -6.495 -7.235 -7.468 -7.664 -7.552 -7.532 -7.552 -7.563 -7.583 -7.617 -7.624 -7.582 -7.655 -7.664 -7.682 -7.839 -7.839 -7.932 -7.927 -8.028 -8.133
-6.397 -6.627 -6.691 -6.883 -7.165 -7.213 -7.446 -7.533 -7.667 -7.649 -7.700 -7.699 -8.010 -8.075 -8.164 -8.256 -8.216 -7.868 -7.761 -7.813 -7.576 -7.625 -7.681 -7.719 -8.005 -7.677 -7.522 -7.460 -7.637 -7.723 -7.533 -7.516 -7.416 -7.374 -7.487 -7.352 -7.345 -7.378 -7.428 -6.696 -6.936 -7.146 -7.309 -7.479 -7.551 -7.579 -7.618 -7.644 -7.593 -7.554 -7.562 -7.637 -7.585 -7.766 -7.789 -7.870 -7.849 -8.022 -7.901 -8.005
-6.506 -6.592 -6.741 -6.884 -7.030 -6.964 -7.330 -7.122 -7.234 -7.542 -7.642 -7.757 -7.743 -7.784 -7.994 -8.058 -8.025 -8.105 -7.943 -7.935 -7.807 -7.664 -7.716 -7.768 -7.752 -7.646 -7.502 -7.524 -7.704 -7.670 -7.607 -7.439 -7.412 -7.381 -7.368 -7.334 -7.343 -7.339 -7.117 -6.854 -6.513 -7.283 -7.010 -7.440 -7.448 -7.380 -7.455 -7.514 -7.118 -7.553 -7.583 -7.605 -7.500 -7.677 -7.697 -7.694 -7.794 -8.000 -8.073 -7.978
-6.349 -6.446 -6.615 -6.781 -6.973 -6.920 -7.136 -7.184 -7.381 -7.584 -7.638 -7.478 -7.660 -7.889 -8.109 -8.082 -8.094 -7.992 -7.892 -7.866 -7.850 -7.757 -7.810 -7.765 -7.654 -7.702 -7.587 -7.575 -7.692 -7.696 -7.625 -7.495 -7.426 -7.416 -7.403 -7.418 -7.422 -7.488 -7.430 -6.727 -6.510 -6.079 -6.740 -7.335 -7.329 -7.282 -7.323 -7.342 -6.562 -7.419 -7.473 -7.521 -7.570 -7.868 -7.798 -7.823 -7.732 -7.847 -8.086 -8.158
-6.268 -6.453 -6.601 -6.782 -6.936 -6.849 -7.019 -7.074 -7.260 -7.553 -7.398 -7.413 -7.491 -7.795 -8.031 -7.986 -8.047 -8.105 -7.987 -7.859 -7.557 -7.850 -7.836 -7.914 -7.983 -7.746 -7.686 -7.567 -7.614 -7.777 -7.835 -7.662 -7.538 -7.586 -7.541 -7.519 -7.526 -7.420 -7.465 -7.405 -7.356 -6.621 -5.874 -6.623 -7.176 -7.075 -6.731 -6.820 -6.846 -7.298 -7.393 -7.418 -7.508 -7.755 -7.770 -7.878 -7.947 -7.863 -7.927 -8.187
-6.302 -6.481 -6.590 -6.747 -6.869 -6.786 -7.079 -7.187 -7.327 -7.473 -7.439 -7.513 -7.502 -7.959 -7.969 -7.966 -7.788 -7.701 -8.010 -7.523 -7.435 -7.585 -7.783 -7.830 -8.015 -7.814 -7.706 -7.710 -7.905 -7.631 -7.848 -7.652 -7.601 -7.563 -7.557 -7.517 -7.532 -7.500 -7.365 -7.412 -7.368 -7.263 -6.823 -5.840 -6.082 -5.973 -6.381 -6.830 -7.305 -7.292 -7.346 -7.140 -7.273 -7.373 -7.760 -7.834 -7.949 -8.002 -7.969 -8.064
-6.018 -6.440 -6.544 -6.650 -6.780 -6.728 -6.929 -7.066 -7.312 -7.175 -7.418 -7.561 -7.861 -7.953 -7.986 -8.088 -8.110 -7.733 -7.727 -7.545 -7.537 -7.386 -7.631 -7.755 -7.728 -7.810 -7.720 -7.674 -7.853 -7.514 -7.555 -7.591 -7.597 -7.545 -7.522 -7.509 -7.520 -7.436 -7.314 -7.288 -7.379 -7.271 -7.169 -6.348 -5.754 -6.990 -7.086 -7.150 -7.248 -7.278 -7.184 -6.803 -7.340 -7.685 -7.795 -7.845 -7.943 -7.979 -8.092 -8.008
-6.255 -6.415 -6.506 -6.617 -6.773 -6.699 -6.940 -7.048 -7.031 -7.102 -7.401 -7.594 -7.515 -7.836 -7.863 -7.932 -8.004 -8.008 -7.823 -7.806 -7.409 -7.355 -7.521 -7.710 -7.668 -7.570 -7.575 -7.541 -7.467 -7.405 -7.407 -7.504 -7.480 -7.503 -7.494 -7.433 -7.428 -7.251 -7.273 -7.285 -7.208 -7.219 -7.228 -6.841 -5.615 -6.644 -7.266 -7.144 -7.208 -6.613 -6.201 -6.646 -7.335 -7.885 -7.610 -7.789 -7.886 -7.862 -8.076 -8.107
-6.285 -6.402 -6.481 -6.589 -6.661 -6.648 -6.762 -7.021 -7.106 -7.222 -7.315 -7.446 -7.410 -7.480 -7.739 -7.858 -7.909 -7.686 -7.734 -7.754 -7.523 -7.413 -7.363 -7.548 -7.609 -7.544 -7.418 -7.409 -7.401 -7.344 -7.333 -7.383 -7.399 -7.515 -7.463 -7.358 -7.239 -7.154 -7.179 -7.049 -7.024 -7.271 -7.270 -7.044 -6.063 -5.894 -6.911 -7.192 -6.807 -5.910 -6.869 -7.239 -7.344 -7.917 -7.727 -7.644 -7.756 -7.800 -7.910 -7.984
-6.169 -6.273 -6.267 -6.458 -6.597 -6.657 -6.890 -6.984 -7.039 -7.123 -7.283 -7.303 -7.374 -7.435 -7.549 -7.713 -7.545 -7.493 -7.453 -7.452 -7.382 -7.539 -7.245 -7.271 -7.499 -7.545 -7.365 -7.394 -7.425 -7.292 -7.299 -7.282 -7.433 -7.420 -7.249 -7.314 -7.176 -7.166 -7.106 -7.216 -7.018 -7.238 -7.236 -7.212 -6.367 -5.695 -6.022 -6.696 -5.966 -6.564 -6.734 -6.725 -7.384 -7.847 -7.805 -7.734 -7.655 -7.733 -7.863 -7.913
-6.077 -6.186 -6.257 -6.221 -6.584 -6.739 -6.886 -6.909 -6.996 -7.135 -7.222 -7.086 -7.304 -7.261 -7.444 -7.565 -7.740 -7.478 -7.409 -7.483 -7.466 -7.468 -7.342 -7.183 -7.337 -7.437 -7.401 -7.340 -7.361 -7.332 -7.281 -7.277 -7.322 -7.340 -7.252 -7.149 -7.192 -7.193 -7.128 -7.161 -7.140 -6.823 -7.162 -7.113 -7.163 -6.222 -5.284 -6.077 -5.586 -6.678 -7.225 -6.922 -7.148 -7.685 -7.657 -7.756 -7.677 -7.655 -7.747 -7.966
-5.912 -5.745 -6.154 -6.386 -6.541 -6.583 -6.765 -6.911 -6.963 -7.014 -7.087 -6.984 -7.016 -7.248 -7.352 -7.445 -7.448 -7.444 -7.400 -7.362 -7.464 -7.366 -7.336 -7.403 -7.375 -7.103 -7.303 -7.260 -7.236 -7.208 -7.161 -7.156 -7.234 -7.232 -7.183 -7.135 -7.085 -7.091 -7.008 -7.039 -7.116 -7.001 -6.838 -7.045 -7.148 -7.052 -5.663 -5.441 -5.853 -6.719 -7.225 -7.264 -7.335 -7.319 -7.299 -7.614 -7.685 -7.619 -7.790 -7.897
-5.723 -5.682 -6.079 -6.308 -6.293 -6.579 -6.734 -6.846 -6.936 -6.877 -6.990 -6.928 -7.056 -7.197 -7.278 -7.314 -7.271 -7.395 -7.295 -7.377 -7.510 -7.712 -7.450 -7.260 -7.297 -7.130 -7.258 -7.191 -7.157 -7.116 -7.100 -7.070 -7.144 -7.175 -7.148 -7.035 -7.007 -7.040 -7.019 -6.977 -7.006 -7.013 -6.779 -6.559 -6.776 -6.244 -5.497 -5.749 -6.256 -6.440 -6.835 -7.293 -7.457 -7.385 -7.396 -7.504 -7.535 -7.548 -7.679 -7.695
-5.412 -6.015 -6.170 -6.124 -6.371 -6.573 -6.671 -6.797 -6.844 -6.812 -6.947 -6.937 -6.871 -7.092 -7.146 -7.227 -7.247 -7.292 -7.386 -7.252 -7.381 -7.493 -7.551 -7.272 -7.066 -7.030 -7.140 -7.296 -7.110 -7.243 -7.198 -7.115 -7.008 -7.106 -7.170 -7.133 -6.940 -6.940 -6.939 -6.947 -6.901 -6.881 -6.778 -5.807 -5.770 -5.746 -5.641 -6.097 -6.623 -6.648 -7.122 -7.024 -7.437 -7.691 -7.937 -7.627 -7.475 -7.597 -7.621 -7.638
