tests/files/spatial_manager/layers/compound/TA/TA0101201608.asc
ncols	60
nrows	60
xllcorner	390242.99999940
yllcorner	3870256.0000075
cellsize	500.00000000000
NODATA_value	-9999.000000
[rows 0 to 38 of 60, columns 0 to 59 of 60]
-5.534 -5.755 -5.755 -5.620 -5.824 -5.815 -6.025 -6.009 -6.693 -6.079 -6.089 -6.137 -6.197 -6.160 -6.131 -6.162 -6.213 -6.272 -6.334 -6.423 -6.476 -6.508 -6.604 -6.613 -6.572 -6.663 -6.644 -6.627 -6.672 -6.786 -6.959 -6.894 -6.834 -6.845 -6.949 -7.087 -7.111 -7.058 -6.956 -7.038 -9999 -9999 -9999 -9999 -9999 -9999 -9999 -9999 -9999 -9999 -9999 -9999 -9999 -9999 -9999 -9999 -9999 -9999 -9999 -9999
-5.869 -5.825 -5.898 -5.623 -6.005 -5.907 -5.930 -6.233 -6.480 -6.442 -6.499 -6.496 -6.223 -6.242 -6.324 -6.196 -6.283 -6.325 -6.412 -6.560 -6.612 -6.592 -6.530 -6.546 -6.615 -6.830 -7.104 -6.713 -6.677 -6.842 -6.939 -6.887 -6.917 -6.868 -6.930 -6.977 -6.918 -6.922 -6.947 -6.998 -9999 -9999 -9999 -9999 -9999 -9999 -9999 -9999 -9999 -9999 -9999 -9999 -9999 -9999 -9999 -9999 -9999 -9999 -9999 -9999
-5.980 -6.005 -5.970 -6.012 -6.144 -5.800 -5.880 -6.113 -6.230 -6.353 -6.534 -6.692 -6.375 -6.389 -6.345 -6.245 -6.292 -6.392 -6.534 -6.893 -7.027 -6.692 -6.570 -6.569 -6.640 -6.756 -6.994 -6.762 -6.692 -6.827 -6.829 -6.868 -6.904 -6.942 -7.035 -6.973 -7.033 -7.053 -6.990 -6.975 -9999 -9999 -9999 -9999 -9999 -9999 -9999 -9999 -9999 -9999 -9999 -9999 -9999 -9999 -9999 -9999 -9999 -9999 -9999 -9999
-6.197 -6.126 -6.053 -6.614 -6.149 -5.888 -5.904 -6.131 -6.272 -6.349 -6.427 -6.456 -6.469 -6.323 -6.362 -6.316 -6.415 -6.462 -6.667 -7.129 -7.559 -6.950 -6.613 -6.588 -6.652 -6.667 -6.684 -6.692 -6.707 -6.791 -6.817 -6.836 -6.946 -7.015 -7.098 -7.063 -7.057 -7.134 -7.127 -7.044 -9999 -9999 -9999 -9999 -9999 -9999 -9999 -9999 -9999 -9999 -9999 -9999 -9999 -9999 -9999 -9999 -9999 -9999 -9999 -9999
-7.000 -6.548 -6.193 -6.550 -6.187 -5.995 -6.004 -6.034 -6.180 -6.359 -6.409 -6.434 -6.454 -6.621 -6.507 -6.419 -6.378 -6.538 -6.554 -6.895 -7.075 -6.820 -6.586 -6.571 -6.566 -6.611 -6.651 -6.710 -6.770 -6.777 -6.797 -6.889 -6.945 -7.043 -7.105 -7.166 -7.206 -7.198 -7.145 -7.055 -9999 -9999 -9999 -9999 -9999 -9999 -9999 -9999 -9999 -9999 -9999 -9999 -9999 -9999 -9999 -9999 -9999 -9999 -9999 -9999
-7.085 -6.538 -6.527 -6.680 -6.338 -6.093 -6.142 -6.106 -6.107 -6.315 -6.287 -6.330 -6.281 -6.476 -6.404 -6.375 -6.478 -6.401 -6.531 -6.797 -6.784 -6.676 -6.573 -6.562 -6.582 -6.600 -6.633 -6.736 -6.815 -6.808 -6.821 -6.862 -6.920 -7.009 -7.078 -7.248 -7.146 -7.144 -7.156 -7.054 -9999 -9999 -9999 -9999 -9999 -9999 -9999 -9999 -9999 -9999 -9999 -9999 -9999 -9999 -9999 -9999 -9999 -9999 -9999 -9999
-7.390 -7.211 -6.975 -6.830 -6.439 -6.180 -6.112 -6.132 -6.252 -6.188 -6.289 -6.269 -6.317 -6.346 -6.371 -6.425 -6.336 -6.395 -6.519 -6.569 -6.669 -6.595 -6.748 -6.627 -6.625 -6.617 -6.645 -6.695 -6.784 -6.801 -6.815 -6.856 -6.897 -6.920 -7.045 -7.047 -7.120 -7.091 -7.130 -7.042 -9999 -9999 -9999 -9999 -9999 -9999 -9999 -9999 -9999 -9999 -9999 -9999 -9999 -9999 -9999 -9999 -9999 -9999 -9999 -9999
-7.874 -7.737 -7.043 -6.600 -6.329 -6.209 -6.145 -6.179 -6.423 -6.252 -6.256 -6.282 -6.305 -6.433 -6.478 -6.315 -6.351 -6.407 -6.517 -6.544 -6.608 -6.668 -6.920 -6.746 -6.745 -6.681 -6.675 -6.698 -6.743 -6.767 -6.784 -6.869 -6.887 -6.920 -6.967 -6.989 -6.978 -7.088 -6.982 -7.019 -9999 -9999 -9999 -9999 -9999 -9999 -9999 -9999 -9999 -9999 -9999 -9999 -9999 -9999 -9999 -9999 -9999 -9999 -9999 -9999
-8.087 -7.832 -7.049 -6.617 -6.320 -6.164 -6.146 -6.148 -6.216 -6.296 -6.274 -6.335 -6.481 -6.555 -6.362 -6.354 -6.373 -6.447 -6.499 -6.563 -6.566 -6.644 -6.734 -7.150 -7.208 -6.805 -6.847 -6.753 -6.768 -6.815 -6.822 -6.866 -6.931 -6.926 -6.973 -6.882 -6.908 -6.949 -6.996 -7.025 -9999 -9999 -9999 -9999 -9999 -9999 -9999 -9999 -9999 -9999 -9999 -9999 -9999 -9999 -9999 -9999 -9999 -9999 -9999 -9999
-7.577 -7.033 -6.848 -6.470 -6.311 -6.146 -6.136 -6.159 -6.198 -6.271 -6.315 -6.439 -6.538 -6.599 -6.487 -6.456 -6.448 -6.416 -6.549 -6.599 -6.631 -6.607 -6.707 -6.988 -6.922 -6.884 -6.911 -6.902 -6.847 -6.803 -6.808 -6.835 -6.933 -7.071 -7.207 -7.223 -6.910 -6.969 -6.998 -6.975 -9999 -9999 -9999 -9999 -9999 -9999 -9999 -9999 -9999 -9999 -9999 -9999 -9999 -9999 -9999 -9999 -9999 -9999 -9999 -9999
-7.043 -6.923 -6.504 -6.237 -6.178 -6.196 -6.261 -6.190 -6.211 -6.293 -6.371 -6.458 -6.552 -6.543 -7.078 -6.727 -6.499 -6.450 -6.531 -6.616 -6.677 -6.569 -6.743 -6.844 -6.868 -6.880 -6.894 -6.893 -6.867 -6.887 -6.740 -6.845 -6.989 -7.081 -7.182 -7.212 -6.993 -6.967 -7.001 -7.010 -9999 -9999 -9999 -9999 -9999 -9999 -9999 -9999 -9999 -9999 -9999 -9999 -9999 -9999 -9999 -9999 -9999 -9999 -9999 -9999
-6.570 -6.529 -6.421 -6.195 -6.073 -6.037 -6.168 -6.294 -6.329 -6.338 -6.456 -6.511 -6.369 -6.480 -6.669 -6.667 -6.724 -6.645 -6.511 -6.569 -6.573 -6.628 -6.574 -6.776 -6.833 -6.852 -6.922 -6.926 -6.924 -6.896 -6.742 -6.781 -6.990 -7.097 -7.144 -7.111 -6.933 -6.944 -6.965 -6.987 -9999 -9999 -9999 -9999 -9999 -9999 -9999 -9999 -9999 -9999 -9999 -9999 -9999 -9999 -9999 -9999 -9999 -9999 -9999 -9999
-6.265 -6.180 -6.244 -6.166 -6.010 -5.991 -6.089 -6.194 -6.364 -6.380 -6.424 -6.514 -6.372 -6.453 -6.576 -6.693 -6.698 -6.721 -6.739 -6.644 -6.665 -6.579 -6.594 -6.558 -6.791 -6.829 -6.820 -6.890 -6.882 -6.749 -6.745 -6.758 -6.917 -7.043 -7.031 -7.104 -7.063 -6.960 -6.978 -7.006 -9999 -9999 -9999 -9999 -9999 -9999 -9999 -9999 -9999 -9999 -9999 -9999 -9999 -9999 -9999 -9999 -9999 -9999 -9999 -9999
-5.912 -5.959 -6.052 -6.018 -5.947 -5.904 -5.975 -6.172 -6.193 -6.315 -6.437 -6.321 -6.401 -6.484 -6.782 -6.769 -6.792 -6.797 -6.779 -6.750 -6.602 -6.724 -6.638 -6.685 -6.577 -6.810 -6.825 -6.819 -6.686 -6.687 -6.724 -6.764 -6.897 -6.955 -6.993 -7.013 -6.978 -6.970 -6.990 -7.020 -9999 -9999 -9999 -9999 -9999 -9999 -9999 -9999 -9999 -9999 -9999 -9999 -9999 -9999 -9999 -9999 -9999 -9999 -9999 -9999
-5.723 -5.781 -5.786 -5.876 -5.828 -5.909 -5.888 -6.005 -6.057 -6.235 -6.183 -6.254 -6.336 -6.474 -6.632 -6.734 -6.676 -6.721 -6.757 -6.830 -6.861 -6.803 -6.794 -6.746 -6.670 -6.653 -6.667 -6.645 -6.676 -6.701 -6.731 -6.776 -6.888 -6.944 -7.087 -7.146 -7.057 -7.017 -7.001 -7.046 -9999 -9999 -9999 -9999 -9999 -9999 -9999 -9999 -9999 -9999 -9999 -9999 -9999 -9999 -9999 -9999 -9999 -9999 -9999 -9999
-5.644 -5.611 -5.633 -5.745 -5.714 -5.806 -5.901 -6.008 -6.043 -6.087 -6.332 -6.339 -6.398 -6.433 -6.582 -6.614 -6.711 -6.778 -6.823 -6.838 -6.700 -6.800 -6.745 -6.706 -6.713 -6.675 -6.713 -6.697 -6.690 -6.722 -6.762 -6.772 -6.866 -6.951 -7.211 -7.357 -7.521 -7.105 -7.014 -7.061 -9999 -9999 -9999 -9999 -9999 -9999 -9999 -9999 -9999 -9999 -9999 -9999 -9999 -9999 -9999 -9999 -9999 -9999 -9999 -9999
-5.267 -5.456 -5.613 -5.829 -5.927 -5.928 -6.017 -6.122 -6.077 -6.100 -6.453 -6.515 -6.655 -6.530 -6.522 -6.627 -6.888 -6.743 -7.112 -6.727 -6.720 -6.665 -6.670 -6.694 -6.753 -6.799 -6.732 -6.708 -6.688 -6.741 -6.813 -6.781 -6.877 -6.963 -7.179 -7.217 -7.682 -7.180 -7.036 -7.075 -9999 -9999 -9999 -9999 -9999 -9999 -9999 -9999 -9999 -9999 -9999 -9999 -9999 -9999 -9999 -9999 -9999 -9999 -9999 -9999
-5.480 -5.593 -5.744 -5.928 -6.429 -6.533 -6.162 -6.188 -6.232 -6.240 -6.186 -6.405 -6.479 -6.539 -6.519 -6.616 -6.775 -6.859 -6.809 -6.727 -6.716 -6.759 -6.693 -6.726 -6.691 -6.963 -6.718 -6.719 -6.705 -6.776 -6.832 -6.801 -6.876 -6.979 -7.098 -7.160 -7.293 -7.118 -7.039 -7.095 -9999 -9999 -9999 -9999 -9999 -9999 -9999 -9999 -9999 -9999 -9999 -9999 -9999 -9999 -9999 -9999 -9999 -9999 -9999 -9999
-5.580 -5.622 -5.677 -5.977 -6.271 -6.161 -6.118 -6.326 -6.245 -6.276 -6.272 -6.353 -6.483 -6.530 -6.522 -6.599 -6.767 -6.885 -6.843 -6.848 -6.743 -6.729 -6.653 -6.709 -6.752 -6.700 -6.815 -6.712 -6.704 -6.735 -6.769 -6.816 -6.831 -6.973 -7.076 -7.123 -7.123 -7.085 -7.045 -7.104 -9999 -9999 -9999 -9999 -9999 -9999 -9999 -9999 -9999 -9999 -9999 -9999 -9999 -9999 -9999 -9999 -9999 -9999 -9999 -9999
-5.576 -5.795 -5.942 -6.054 -5.995 -6.058 -6.146 -6.240 -6.200 -6.273 -6.292 -6.429 -6.441 -6.547 -6.619 -6.588 -6.696 -6.729 -6.672 -6.720 -6.656 -6.787 -6.703 -6.690 -6.698 -6.760 -6.788 -6.726 -6.775 -6.778 -6.791 -6.786 -6.778 -6.973 -7.071 -7.112 -7.134 -7.143 -7.124 -7.111 -9999 -9999 -9999 -9999 -9999 -9999 -9999 -9999 -9999 -9999 -9999 -9999 -9999 -9999 -9999 -9999 -9999 -9999 -9999 -9999
-5.559 -5.893 -5.949 -6.204 -6.134 -6.076 -6.225 -6.398 -6.409 -6.423 -6.393 -6.491 -6.509 -6.585 -6.638 -6.703 -6.661 -6.699 -6.691 -6.677 -6.790 -6.741 -6.821 -6.723 -6.730 -6.687 -6.650 -6.736 -6.783 -6.809 -6.810 -6.836 -6.869 -6.880 -7.060 -7.096 -7.125 -7.150 -7.141 -7.109 -7.105 -7.122 -7.152 -7.164 -7.193 -7.225 -7.239 -7.250 -7.265 -7.275 -7.284 -7.268 -7.220 -7.265 -9999 -9999 -9999 -9999 -7.551 -7.603
-5.500 -5.587 -5.805 -6.035 -6.299 -6.027 -6.203 -6.456 -6.401 -6.429 -6.485 -6.537 -6.550 -6.566 -6.599 -6.691 -6.760 -6.743 -6.651 -6.837 -6.833 -6.972 -7.019 -6.882 -6.720 -6.715 -6.638 -6.661 -6.748 -6.730 -6.791 -6.810 -6.841 -6.758 -7.002 -7.055 -7.093 -7.111 -7.136 -7.108 -7.089 -7.107 -7.138 -7.144 -7.189 -7.216 -7.238 -7.248 -7.220 -7.234 -7.276 -7.249 -7.237 -7.320 -7.635 -7.731 -7.452 -7.452 -7.409 -7.719
-5.491 -5.621 -5.418 -5.657 -5.877 -6.085 -6.335 -6.498 -6.799 -6.712 -6.609 -6.597 -6.754 -6.872 -6.674 -6.637 -6.693 -6.811 -6.841 -6.824 -6.785 -6.875 -6.802 -6.774 -6.727 -6.707 -6.694 -6.692 -6.716 -6.741 -6.755 -6.743 -6.789 -6.530 -6.984 -7.007 -6.991 -7.025 -7.098 -7.083 -7.108 -7.078 -7.099 -7.127 -7.155 -7.183 -7.205 -7.191 -7.206 -7.237 -7.215 -7.229 -7.252 -7.310 -7.676 -7.871 -7.593 -7.591 -7.670 -7.542
-5.399 -5.205 -5.505 -5.674 -5.850 -6.074 -6.315 -6.457 -6.690 -6.830 -6.710 -6.652 -6.862 -7.480 -6.842 -6.685 -6.677 -6.738 -6.769 -6.855 -6.738 -6.632 -6.629 -6.609 -6.663 -6.701 -6.680 -6.707 -6.746 -6.770 -6.816 -6.777 -6.765 -6.832 -6.866 -6.430 -6.963 -6.897 -6.967 -6.513 -6.932 -7.051 -7.078 -7.134 -7.143 -7.162 -7.203 -7.220 -7.220 -7.229 -7.200 -7.235 -7.299 -7.323 -7.489 -7.658 -7.626 -7.630 -7.582 -7.659
-5.221 -5.166 -5.368 -5.683 -5.937 -6.129 -6.321 -6.408 -6.526 -6.711 -6.614 -6.706 -6.811 -7.213 -7.005 -6.768 -6.706 -6.749 -6.814 -6.869 -6.644 -6.638 -6.631 -6.724 -6.737 -6.688 -6.696 -6.809 -6.840 -6.777 -6.809 -6.850 -6.875 -6.896 -6.877 -6.763 -6.255 -6.310 -6.612 -6.982 -7.041 -7.098 -7.058 -7.126 -7.148 -7.172 -7.210 -7.225 -7.234 -7.244 -7.198 -7.266 -7.294 -7.290 -7.450 -7.498 -7.544 -7.615 -7.488 -7.610
-5.006 -5.137 -5.365 -5.644 -5.954 -6.122 -6.308 -6.388 -6.498 -6.506 -6.669 -6.649 -6.735 -6.990 -7.017 -6.858 -6.907 -6.694 -6.811 -6.776 -6.767 -6.644 -6.744 -6.755 -6.857 -6.760 -6.731 -6.856 -6.923 -6.817 -6.824 -6.853 -6.909 -6.852 -6.841 -6.900 -6.923 -6.832 -6.115 -6.065 -6.819 -7.062 -7.268 -7.164 -7.150 -7.175 -7.189 -7.209 -7.243 -7.248 -7.202 -7.270 -7.272 -7.283 -7.430 -7.419 -7.501 -7.482 -7.570 -7.660
-5.047 -5.289 -5.365 -5.572 -5.869 -5.934 -6.186 -6.294 -6.449 -6.454 -6.530 -6.555 -6.894 -6.986 -7.104 -7.226 -7.216 -6.899 -6.823 -6.906 -6.701 -6.781 -6.868 -6.937 -7.254 -6.955 -6.829 -6.795 -7.001 -7.113 -6.948 -6.956 -6.880 -6.860 -6.994 -6.879 -6.890 -6.940 -7.005 -6.287 -6.540 -6.760 -6.932 -7.109 -7.188 -7.220 -7.261 -7.288 -7.236 -7.194 -7.199 -7.268 -7.208 -7.381 -7.395 -7.465 -7.432 -7.592 -7.456 -7.545
-5.171 -5.269 -5.431 -5.588 -5.751 -5.703 -6.089 -5.902 -6.036 -6.368 -6.493 -6.635 -6.648 -6.718 -6.958 -7.052 -7.049 -7.160 -7.029 -7.053 -6.957 -6.845 -6.929 -7.012 -7.026 -6.949 -6.834 -6.885 -7.092 -7.085 -7.047 -6.903 -6.900 -6.890 -6.898 -6.883 -6.910 -6.923 -6.715 -6.466 -6.136 -6.917 -6.652 -7.090 -7.103 -7.038 -7.115 -7.175 -6.778 -7.209 -7.235 -7.251 -7.139 -7.307 -7.317 -7.303 -7.390 -7.584 -7.643 -7.532
-5.028 -5.138 -5.321 -5.503 -5.712 -5.678 -5.914 -5.984 -6.203 -6.431 -6.511 -6.378 -6.588 -6.846 -7.096 -7.099 -7.142 -7.072 -7.003 -7.009 -7.025 -6.963 -7.048 -7.034 -6.953 -7.031 -6.944 -6.961 -7.105 -7.135 -7.089 -6.983 -6.937 -6.948 -6.955 -6.989 -7.011 -7.093 -7.049 -6.359 -6.153 -5.732 -6.401 -7.003 -7.002 -6.957 -7.000 -7.019 -6.237 -7.091 -7.140 -7.182 -7.223 -7.512 -7.432 -7.446 -7.343 -7.444 -7.669 -7.727
-4.963 -5.162 -5.323 -5.521 -5.693 -5.625 -5.816 -5.893 -6.103 -6.421 -6.292 -6.335 -6.442 -6.775 -7.041 -7.028 -7.120 -7.210 -7.123 -7.028 -6.757 -7.082 -7.099 -7.208 -7.307 -7.099 -7.069 -6.978 -7.051 -7.240 -7.323 -7.174 -7.072 -7.141 -7.116 -7.112 -7.136 -7.045 -7.105 -7.057 -7.019 -6.292 -5.553 -6.309 -6.866 -6.767 -6.424 -6.513 -6.537 -6.985 -7.076 -7.095 -7.176 -7.414 -7.419 -7.515 -7.571 -7.474 -7.524 -7.769
-5.012 -5.205 -5.329 -5.503 -5.644 -5.580 -5.895 -6.026 -6.190 -6.362 -6.355 -6.458 -6.475 -6.963 -7.003 -7.031 -6.886 -6.830 -7.172 -6.717 -6.661 -6.842 -7.071 -7.149 -7.364 -7.193 -7.113 -7.145 -7.367 -7.118 -7.360 -7.187 -7.158 -7.140 -7.154 -7.132 -7.164 -7.146 -7.025 -7.084 -7.050 -6.954 -6.521 -5.543 -5.790 -5.682 -6.091 -6.539 -7.012 -6.995 -7.043 -6.831 -6.955 -7.046 -7.423 -7.485 -7.588 -7.627 -7.580 -7.660
-4.744 -5.179 -5.300 -5.424 -5.572 -5.541 -5.764 -5.924 -6.196 -6.085 -6.356 -6.528 -6.857 -6.980 -7.044 -7.178 -7.232 -6.887 -6.914 -6.763 -6.788 -6.669 -6.945 -7.100 -7.103 -7.213 -7.153 -7.134 -7.339 -7.025 -7.091 -7.150 -7.177 -7.145 -7.141 -7.145 -7.172 -7.102 -6.994 -6.979 -7.080 -6.980 -6.885 -6.069 -5.478 -6.716 -6.812 -6.875 -6.971 -6.996 -6.897 -6.509 -7.037 -7.373 -7.472 -7.510 -7.595 -7.618 -7.717 -7.617
-4.996 -5.171 -5.279 -5.407 -5.583 -5.531 -5.794 -5.927 -5.935 -6.034 -6.361 -6.583 -6.535 -6.886 -6.945 -7.046 -7.151 -7.187 -7.035 -7.050 -6.686 -6.663 -6.860 -7.080 -7.068 -6.999 -7.032 -7.026 -6.977 -6.940 -6.966 -7.085 -7.082 -7.125 -7.134 -7.090 -7.101 -6.937 -6.972 -6.995 -6.928 -6.946 -6.961 -6.579 -5.355 -6.386 -7.008 -6.885 -6.946 -6.346 -5.928 -6.366 -7.046 -7.586 -7.301 -7.468 -7.552 -7.515 -7.715 -7.731
-5.041 -5.174 -5.270 -5.398 -5.490 -5.499 -5.636 -5.921 -6.031 -6.176 -6.297 -6.458 -6.453 -6.554 -6.845 -6.996 -7.081 -6.891 -6.971 -7.024 -6.825 -6.746 -6.728 -6.943 -7.033 -6.997 -6.899 -6.918 -6.935 -6.902 -6.915 -6.987 -7.023 -7.159 -7.125 -7.036 -6.932 -6.861 -6.897 -6.778 -6.762 -7.016 -7.021 -6.799 -5.820 -5.653 -6.669 -6.948 -6.560 -5.658 -6.610 -6.973 -7.069 -7.632 -7.432 -7.337 -7.436 -7.466 -7.562 -7.622
-4.941 -5.061 -5.073 -5.284 -5.444 -5.527 -5.784 -5.904 -5.986 -6.098 -6.287 -6.338 -6.440 -6.533 -6.680 -6.876 -6.741 -6.722 -6.715 -6.747 -6.709 -6.898 -6.634 -6.691 -6.949 -7.023 -6.871 -6.927 -6.982 -6.874 -6.903 -6.909 -7.079 -7.085 -6.932 -7.013 -6.889 -6.892 -6.844 -6.963 -6.774 -7.001 -7.003 -6.983 -6.140 -5.469 -5.796 -6.467 -5.733 -6.326 -6.490 -6.473 -7.123 -7.576 -7.523 -7.440 -7.348 -7.413 -7.529 -7.564
-4.864 -4.991 -5.080 -5.064 -5.449 -5.628 -5.800 -5.849 -5.964 -6.132 -6.249 -6.144 -6.394 -6.383 -6.598 -6.752 -6.960 -6.732 -6.696 -6.803 -6.818 -6.852 -6.757 -6.628 -6.811 -6.940 -6.930 -6.896 -6.942 -6.936 -6.908 -6.925 -6.990 -7.026 -6.955 -6.868 -6.924 -6.938 -6.884 -6.926 -6.914 -6.602 -6.946 -6.901 -6.953 -6.012 -5.072 -5.863 -5.367 -6.454 -6.994 -6.684 -6.901 -7.428 -7.389 -7.476 -7.384 -7.348 -7.427 -7.631
-4.716 -4.566 -4.995 -5.248 -5.426 -5.491 -5.699 -5.872 -5.952 -6.033 -6.136 -6.065 -6.129 -6.394 -6.530 -6.657 -6.693 -6.723 -6.712 -6.707 -6.841 -6.775 -6.775 -6.873 -6.874 -6.630 -6.857 -6.840 -6.840 -6.835 -6.810 -6.826 -6.924 -6.939 -6.906 -6.874 -6.837 -6.855 -6.782 -6.822 -6.907 -6.797 -6.639 -6.849 -6.953 -6.856 -5.466 -5.241 -5.649 -6.509 -7.008 -7.039 -7.101 -7.074 -7.044 -7.346 -7.405 -7.326 -7.483 -7.576
-4.543 -4.520 -4.937 -5.187 -5.196 -5.507 -5.688 -5.828 -5.947 -5.917 -6.062 -6.032 -6.193 -6.366 -6.481 -6.550 -6.541 -6.699 -6.632 -6.747 -6.912 -7.145 -6.914 -6.754 -6.820 -6.681 -6.836 -6.794 -6.784 -6.766 -6.771 -6.762 -6.854 -6.903 -6.892 -6.793 -6.778 -6.822 -6.811 -6.777 -6.813 -6.826 -6.596 -6.378 -6.596 -6.063 -5.314 -5.563 -6.065 -6.244 -6.631 -7.081 -7.236 -7.154 -7.153 -7.249 -7.268 -7.268 -7.386 -7.388
-4.247 -4.869 -5.045 -5.022 -5.293 -5.520 -5.645 -5.800 -5.876 -5.875 -6.042 -6.064 -6.031 -6.285 -6.374 -6.488 -6.542 -6.621 -6.748 -6.647 -6.808 -6.951 -7.040 -6.790 -6.613 -6.604 -6.741 -6.921 -6.760 -6.916 -6.891 -6.828 -6.739 -6.854 -6.933 -6.910 -6.730 -6.740 -6.749 -6.764 -6.725 -6.710 -6.610 -5.641 -5.604 -5.580 -5.473 -5.924 -6.446 -6.464 -6.931 -6.825 -7.229 -7.473 -7.708 -7.386 -7.222 -7.330 -7.341 -7.344
