tests/files/spatial_manager/layers/compound/TA/TA0101201600.asc
ncols	60
nrows	60
xllcorner	390242.99999940
yllcorner	3870256.0000075
cellsize	500.00000000000
NODATA_value	-9999.000000
[rows 0 to 38 of 60, columns 0 to 59 of 60]
-7.389 -7.714 -7.818 -7.784 -8.088 -8.177 -8.484 -8.561 -9.336 -8.809 -8.904 -9.032 -9.168 -9.203 -9.242 -9.337 -9.446 -9.558 -9.669 -9.801 -9.892 -9.956 -10.08 -10.11 -10.08 -10.19 -10.17 -10.15 -10.19 -10.30 -10.45 -10.36 -10.28 -10.26 -10.33 -10.42 -10.40 -10.30 -10.15 -10.17 -9999 -9999 -9999 -9999 -9999 -9999 -9999 -9999 -9999 -9999 -9999 -9999 -9999 -9999 -9999 -9999 -9999 -9999 -9999 -9999
-7.699 -7.760 -7.936 -7.763 -8.245 -8.245 -8.365 -8.761 -9.099 -9.148 -9.289 -9.365 -9.169 -9.260 -9.408 -9.343 -9.487 -9.581 -9.715 -9.905 -9.993 -10.00 -9.967 -10.00 -10.09 -10.31 -10.59 -10.19 -10.15 -10.30 -10.38 -10.30 -10.31 -10.22 -10.25 -10.25 -10.15 -10.10 -10.07 -10.07 -9999 -9999 -9999 -9999 -9999 -9999 -9999 -9999 -9999 -9999 -9999 -9999 -9999 -9999 -9999 -9999 -9999 -9999 -9999 -9999
-7.785 -7.914 -7.983 -8.127 -8.360 -8.114 -8.290 -8.617 -8.823 -9.034 -9.298 -9.536 -9.294 -9.379 -9.401 -9.362 -9.466 -9.616 -9.805 -10.20 -10.37 -10.07 -9.969 -9.985 -10.07 -10.19 -10.43 -10.19 -10.11 -10.24 -10.22 -10.23 -10.24 -10.24 -10.29 -10.19 -10.20 -10.17 -10.05 -9.980 -9999 -9999 -9999 -9999 -9999 -9999 -9999 -9999 -9999 -9999 -9999 -9999 -9999 -9999 -9999 -9999 -9999 -9999 -9999 -9999
-7.976 -8.009 -8.040 -8.704 -8.340 -8.177 -8.289 -8.609 -8.840 -9.005 -9.165 -9.273 -9.361 -9.285 -9.389 -9.404 -9.558 -9.654 -9.904 -10.40 -10.87 -10.29 -9.971 -9.963 -10.04 -10.06 -10.07 -10.08 -10.08 -10.15 -10.15 -10.14 -10.22 -10.25 -10.30 -10.22 -10.16 -10.19 -10.13 -9.985 -9999 -9999 -9999 -9999 -9999 -9999 -9999 -9999 -9999 -9999 -9999 -9999 -9999 -9999 -9999 -9999 -9999 -9999 -9999 -9999
-8.752 -8.406 -8.154 -8.615 -8.352 -8.259 -8.363 -8.486 -8.722 -8.988 -9.120 -9.223 -9.317 -9.553 -9.504 -9.475 -9.488 -9.696 -9.756 -10.13 -10.35 -10.12 -9.903 -9.903 -9.906 -9.954 -9.992 -10.04 -10.09 -10.08 -10.08 -10.14 -10.16 -10.22 -10.24 -10.26 -10.25 -10.19 -10.08 -9.929 -9999 -9999 -9999 -9999 -9999 -9999 -9999 -9999 -9999 -9999 -9999 -9999 -9999 -9999 -9999 -9999 -9999 -9999 -9999 -9999
-8.811 -8.369 -8.462 -8.718 -8.476 -8.330 -8.474 -8.531 -8.622 -8.916 -8.969 -9.090 -9.115 -9.378 -9.370 -9.399 -9.554 -9.525 -9.697 -9.998 -10.02 -9.932 -9.848 -9.849 -9.876 -9.896 -9.925 -10.02 -10.08 -10.06 -10.04 -10.05 -10.08 -10.13 -10.15 -10.28 -10.12 -10.07 -10.02 -9.862 -9999 -9999 -9999 -9999 -9999 -9999 -9999 -9999 -9999 -9999 -9999 -9999 -9999 -9999 -9999 -9999 -9999 -9999 -9999 -9999
-9.089 -9.015 -8.883 -8.841 -8.550 -8.390 -8.418 -8.530 -8.739 -8.760 -8.943 -9.000 -9.121 -9.217 -9.305 -9.416 -9.378 -9.483 -9.647 -9.732 -9.861 -9.809 -9.979 -9.869 -9.872 -9.864 -9.887 -9.925 -9.997 -9.992 -9.980 -9.989 -9.995 -9.978 -10.06 -10.01 -10.03 -9.951 -9.932 -9.783 -9999 -9999 -9999 -9999 -9999 -9999 -9999 -9999 -9999 -9999 -9999 -9999 -9999 -9999 -9999 -9999 -9999 -9999 -9999 -9999
-9.545 -9.513 -8.923 -8.583 -8.413 -8.391 -8.422 -8.548 -8.882 -8.795 -8.880 -8.983 -9.077 -9.271 -9.378 -9.271 -9.358 -9.458 -9.607 -9.667 -9.758 -9.840 -10.11 -9.941 -9.944 -9.879 -9.864 -9.875 -9.902 -9.902 -9.891 -9.943 -9.924 -9.916 -9.917 -9.890 -9.827 -9.881 -9.717 -9.693 -9999 -9999 -9999 -9999 -9999 -9999 -9999 -9999 -9999 -9999 -9999 -9999 -9999 -9999 -9999 -9999 -9999 -9999 -9999 -9999
-9.729 -9.579 -8.901 -8.571 -8.375 -8.317 -8.394 -8.489 -8.644 -8.809 -8.868 -9.004 -9.221 -9.361 -9.228 -9.275 -9.343 -9.460 -9.549 -9.645 -9.674 -9.771 -9.875 -10.30 -10.36 -9.952 -9.984 -9.875 -9.871 -9.892 -9.870 -9.880 -9.906 -9.859 -9.860 -9.719 -9.692 -9.676 -9.664 -9.632 -9999 -9999 -9999 -9999 -9999 -9999 -9999 -9999 -9999 -9999 -9999 -9999 -9999 -9999 -9999 -9999 -9999 -9999 -9999 -9999
-9.191 -8.752 -8.671 -8.395 -8.337 -8.269 -8.354 -8.469 -8.597 -8.753 -8.877 -9.076 -9.245 -9.370 -9.318 -9.340 -9.381 -9.390 -9.558 -9.639 -9.694 -9.689 -9.800 -10.09 -10.02 -9.978 -9.995 -9.969 -9.893 -9.822 -9.796 -9.788 -9.846 -9.940 -10.03 -9.994 -9.627 -9.630 -9.600 -9.514 -9999 -9999 -9999 -9999 -9999 -9999 -9999 -9999 -9999 -9999 -9999 -9999 -9999 -9999 -9999 -9999 -9999 -9999 -9999 -9999
-8.628 -8.613 -8.298 -8.133 -8.175 -8.290 -8.450 -8.470 -8.578 -8.744 -8.901 -9.062 -9.225 -9.279 -9.873 -9.574 -9.392 -9.383 -9.500 -9.612 -9.696 -9.604 -9.788 -9.893 -9.916 -9.921 -9.923 -9.904 -9.855 -9.847 -9.668 -9.736 -9.839 -9.886 -9.939 -9.918 -9.644 -9.561 -9.535 -9.482 -9999 -9999 -9999 -9999 -9999 -9999 -9999 -9999 -9999 -9999 -9999 -9999 -9999 -9999 -9999 -9999 -9999 -9999 -9999 -9999
-8.125 -8.189 -8.185 -8.061 -8.039 -8.100 -8.326 -8.542 -8.665 -8.756 -8.952 -9.080 -9.007 -9.180 -9.426 -9.476 -9.578 -9.538 -9.436 -9.521 -9.546 -9.616 -9.570 -9.774 -9.829 -9.839 -9.895 -9.879 -9.853 -9.796 -9.609 -9.609 -9.777 -9.838 -9.836 -9.751 -9.517 -9.471 -9.432 -9.391 -9999 -9999 -9999 -9999 -9999 -9999 -9999 -9999 -9999 -9999 -9999 -9999 -9999 -9999 -9999 -9999 -9999 -9999 -9999 -9999
-7.790 -7.810 -7.978 -8.002 -7.945 -8.023 -8.215 -8.410 -8.667 -8.765 -8.887 -9.048 -8.974 -9.117 -9.295 -9.462 -9.511 -9.572 -9.621 -9.551 -9.591 -9.518 -9.539 -9.505 -9.733 -9.761 -9.736 -9.785 -9.751 -9.589 -9.549 -9.523 -9.640 -9.719 -9.657 -9.677 -9.581 -9.419 -9.377 -9.343 -9999 -9999 -9999 -9999 -9999 -9999 -9999 -9999 -9999 -9999 -9999 -9999 -9999 -9999 -9999 -9999 -9999 -9999 -9999 -9999
-7.407 -7.558 -7.754 -7.822 -7.851 -7.905 -8.069 -8.356 -8.463 -8.666 -8.864 -8.820 -8.967 -9.109 -9.462 -9.498 -9.563 -9.604 -9.616 -9.611 -9.480 -9.613 -9.533 -9.579 -9.465 -9.686 -9.684 -9.655 -9.495 -9.465 -9.465 -9.466 -9.555 -9.565 -9.553 -9.519 -9.428 -9.362 -9.322 -9.289 -9999 -9999 -9999 -9999 -9999 -9999 -9999 -9999 -9999 -9999 -9999 -9999 -9999 -9999 -9999 -9999 -9999 -9999 -9999 -9999
-7.186 -7.349 -7.457 -7.649 -7.700 -7.877 -7.949 -8.156 -8.293 -8.551 -8.576 -8.717 -8.864 -9.061 -9.272 -9.421 -9.404 -9.483 -9.549 -9.644 -9.690 -9.642 -9.636 -9.586 -9.503 -9.472 -9.468 -9.422 -9.424 -9.417 -9.410 -9.414 -9.480 -9.489 -9.580 -9.585 -9.440 -9.342 -9.265 -9.248 -9999 -9999 -9999 -9999 -9999 -9999 -9999 -9999 -9999 -9999 -9999 -9999 -9999 -9999 -9999 -9999 -9999 -9999 -9999 -9999
-7.077 -7.148 -7.273 -7.486 -7.554 -7.742 -7.929 -8.125 -8.244 -8.368 -8.688 -8.764 -8.887 -8.981 -9.181 -9.259 -9.396 -9.496 -9.567 -9.603 -9.479 -9.588 -9.535 -9.492 -9.489 -9.437 -9.454 -9.413 -9.377 -9.375 -9.377 -9.344 -9.393 -9.429 -9.638 -9.730 -9.837 -9.362 -9.210 -9.195 -9999 -9999 -9999 -9999 -9999 -9999 -9999 -9999 -9999 -9999 -9999 -9999 -9999 -9999 -9999 -9999 -9999 -9999 -9999 -9999
-6.668 -6.961 -7.221 -7.538 -7.733 -7.830 -8.011 -8.204 -8.242 -8.345 -8.771 -8.902 -9.105 -9.037 -9.079 -9.229 -9.528 -9.414 -9.809 -9.443 -9.448 -9.399 -9.406 -9.424 -9.473 -9.502 -9.414 -9.363 -9.312 -9.330 -9.364 -9.288 -9.338 -9.375 -9.538 -9.522 -9.930 -9.369 -9.165 -9.141 -9999 -9999 -9999 -9999 -9999 -9999 -9999 -9999 -9999 -9999 -9999 -9999 -9999 -9999 -9999 -9999 -9999 -9999 -9999 -9999
-6.849 -7.066 -7.319 -7.604 -8.202 -8.401 -8.121 -8.234 -8.362 -8.448 -8.466 -8.753 -8.889 -9.004 -9.033 -9.174 -9.370 -9.484 -9.457 -9.393 -9.392 -9.440 -9.373 -9.400 -9.352 -9.607 -9.340 -9.313 -9.267 -9.301 -9.318 -9.243 -9.271 -9.324 -9.390 -9.398 -9.474 -9.240 -9.100 -9.094 -9999 -9999 -9999 -9999 -9999 -9999 -9999 -9999 -9999 -9999 -9999 -9999 -9999 -9999 -9999 -9999 -9999 -9999 -9999 -9999
-6.916 -7.062 -7.219 -7.619 -8.011 -7.995 -8.042 -8.337 -8.338 -8.446 -8.514 -8.661 -8.852 -8.953 -8.993 -9.112 -9.315 -9.461 -9.442 -9.463 -9.367 -9.357 -9.278 -9.326 -9.355 -9.284 -9.375 -9.244 -9.203 -9.197 -9.189 -9.193 -9.159 -9.251 -9.301 -9.293 -9.236 -9.139 -9.038 -9.036 -9999 -9999 -9999 -9999 -9999 -9999 -9999 -9999 -9999 -9999 -9999 -9999 -9999 -9999 -9999 -9999 -9999 -9999 -9999 -9999
-6.880 -7.202 -7.451 -7.662 -7.700 -7.856 -8.035 -8.214 -8.256 -8.405 -8.495 -8.697 -8.768 -8.927 -9.045 -9.055 -9.196 -9.256 -9.220 -9.282 -9.227 -9.359 -9.271 -9.249 -9.242 -9.284 -9.286 -9.194 -9.209 -9.175 -9.146 -9.096 -9.040 -9.184 -9.229 -9.214 -9.179 -9.129 -9.050 -8.976 -9999 -9999 -9999 -9999 -9999 -9999 -9999 -9999 -9999 -9999 -9999 -9999 -9999 -9999 -9999 -9999 -9999 -9999 -9999 -9999
-6.830 -7.267 -7.425 -7.778 -7.804 -7.839 -8.077 -8.335 -8.427 -8.516 -8.556 -8.717 -8.794 -8.922 -9.020 -9.123 -9.113 -9.177 -9.189 -9.187 -9.306 -9.258 -9.333 -9.224 -9.214 -9.149 -9.086 -9.142 -9.154 -9.140 -9.099 -9.080 -9.064 -9.024 -9.151 -9.131 -9.103 -9.069 -9.000 -8.907 -8.842 -8.797 -8.765 -8.715 -8.683 -8.654 -8.608 -8.560 -8.517 -8.470 -8.423 -8.354 -8.254 -8.249 -9999 -9999 -9999 -9999 -8.316 -8.331
-6.738 -6.927 -7.246 -7.574 -7.934 -7.754 -8.018 -8.355 -8.380 -8.482 -8.607 -8.722 -8.791 -8.858 -8.935 -9.064 -9.164 -9.171 -9.096 -9.294 -9.294 -9.433 -9.472 -9.324 -9.144 -9.116 -9.012 -9.002 -9.054 -8.997 -9.014 -8.987 -8.969 -8.835 -9.025 -9.022 -9.003 -8.962 -8.928 -8.839 -8.760 -8.717 -8.686 -8.631 -8.615 -8.582 -8.546 -8.497 -8.413 -8.370 -8.359 -8.280 -8.217 -8.251 -8.519 -8.571 -8.249 -8.208 -8.128 -8.401
-6.696 -6.928 -6.825 -7.161 -7.476 -7.776 -8.113 -8.359 -8.738 -8.725 -8.690 -8.739 -8.951 -9.119 -8.963 -8.962 -9.047 -9.188 -9.234 -9.227 -9.191 -9.278 -9.197 -9.156 -9.090 -9.046 -9.004 -8.970 -8.957 -8.942 -8.911 -8.853 -8.850 -8.539 -8.940 -8.907 -8.833 -8.810 -8.824 -8.748 -8.713 -8.622 -8.582 -8.551 -8.519 -8.488 -8.452 -8.381 -8.339 -8.316 -8.241 -8.204 -8.177 -8.188 -8.509 -8.661 -8.341 -8.300 -8.342 -8.179
-6.570 -6.478 -6.877 -7.143 -7.413 -7.728 -8.055 -8.280 -8.590 -8.803 -8.749 -8.751 -9.015 -9.680 -9.084 -8.961 -8.981 -9.063 -9.109 -9.203 -9.088 -8.978 -8.966 -8.931 -8.964 -8.977 -8.927 -8.920 -8.921 -8.905 -8.906 -8.820 -8.759 -8.774 -8.754 -8.262 -8.739 -8.614 -8.626 -8.112 -8.471 -8.530 -8.497 -8.494 -8.444 -8.404 -8.389 -8.350 -8.295 -8.251 -8.170 -8.155 -8.171 -8.149 -8.271 -8.397 -8.325 -8.291 -8.207 -8.250
-6.359 -6.404 -6.705 -7.116 -7.464 -7.745 -8.023 -8.191 -8.386 -8.642 -8.610 -8.761 -8.919 -9.367 -9.199 -8.995 -8.959 -9.021 -9.100 -9.161 -8.937 -8.926 -8.908 -8.985 -8.976 -8.901 -8.879 -8.957 -8.950 -8.846 -8.833 -8.826 -8.802 -8.770 -8.697 -8.528 -7.963 -7.960 -8.204 -8.515 -8.515 -8.512 -8.413 -8.423 -8.387 -8.353 -8.335 -8.296 -8.251 -8.208 -8.112 -8.132 -8.112 -8.063 -8.180 -8.187 -8.195 -8.228 -8.067 -8.156
-6.110 -6.341 -6.667 -7.041 -7.444 -7.700 -7.972 -8.132 -8.317 -8.395 -8.622 -8.660 -8.797 -9.096 -9.162 -9.035 -9.108 -8.913 -9.042 -9.012 -9.003 -8.873 -8.961 -8.954 -9.034 -8.909 -8.849 -8.940 -8.968 -8.819 -8.781 -8.762 -8.768 -8.659 -8.594 -8.598 -8.565 -8.416 -7.641 -7.532 -8.227 -8.412 -8.559 -8.397 -8.326 -8.295 -8.254 -8.221 -8.202 -8.155 -8.060 -8.081 -8.037 -8.003 -8.109 -8.058 -8.102 -8.048 -8.102 -8.160
-6.117 -6.457 -6.631 -6.932 -7.321 -7.475 -7.811 -7.997 -8.227 -8.301 -8.439 -8.521 -8.909 -9.045 -9.200 -9.352 -9.364 -9.064 -8.998 -9.085 -8.878 -8.950 -9.024 -9.074 -9.368 -9.041 -8.883 -8.813 -8.979 -9.048 -8.838 -8.798 -8.672 -8.600 -8.680 -8.510 -8.464 -8.457 -8.465 -7.689 -7.883 -8.046 -8.160 -8.280 -8.302 -8.279 -8.266 -8.240 -8.137 -8.045 -8.001 -8.024 -7.920 -8.049 -8.023 -8.054 -7.984 -8.110 -7.941 -8.000
-6.206 -6.402 -6.661 -6.913 -7.166 -7.205 -7.674 -7.565 -7.772 -8.171 -8.358 -8.555 -8.617 -8.729 -9.003 -9.126 -9.145 -9.271 -9.149 -9.175 -9.076 -8.954 -9.024 -9.087 -9.077 -8.971 -8.824 -8.837 -9.004 -8.954 -8.870 -8.678 -8.624 -8.563 -8.516 -8.447 -8.418 -8.373 -8.108 -7.802 -7.414 -8.138 -7.817 -8.198 -8.156 -8.036 -8.061 -8.068 -7.621 -8.003 -7.981 -7.953 -7.797 -7.923 -7.893 -7.842 -7.894 -8.054 -8.081 -7.941
-6.029 -6.237 -6.516 -6.791 -7.089 -7.141 -7.459 -7.606 -7.897 -8.191 -8.331 -8.251 -8.509 -8.808 -9.091 -9.121 -9.185 -9.128 -9.067 -9.073 -9.085 -9.012 -9.082 -9.046 -8.940 -8.988 -8.868 -8.848 -8.951 -8.938 -8.845 -8.691 -8.594 -8.553 -8.507 -8.486 -8.451 -8.477 -8.377 -7.630 -7.367 -6.889 -7.502 -8.049 -7.993 -7.895 -7.885 -7.854 -7.022 -7.829 -7.831 -7.829 -7.828 -8.076 -7.957 -7.935 -7.797 -7.866 -8.060 -8.089
-5.929 -6.225 -6.481 -6.771 -7.032 -7.049 -7.321 -7.474 -7.755 -8.137 -8.067 -8.162 -8.315 -8.687 -8.985 -8.997 -9.109 -9.210 -9.130 -9.034 -8.758 -9.071 -9.071 -9.158 -9.231 -8.992 -8.927 -8.798 -8.831 -8.976 -9.012 -8.814 -8.662 -8.679 -8.600 -8.542 -8.511 -8.363 -8.367 -8.263 -8.168 -7.386 -6.591 -7.292 -7.796 -7.645 -7.251 -7.289 -7.265 -7.666 -7.712 -7.687 -7.727 -7.926 -7.893 -7.954 -7.976 -7.847 -7.867 -8.085
-5.944 -6.233 -6.451 -6.716 -6.944 -6.965 -7.359 -7.565 -7.799 -8.034 -8.084 -8.238 -8.300 -8.825 -8.896 -8.948 -8.819 -8.775 -9.121 -8.664 -8.601 -8.769 -8.981 -9.036 -9.224 -9.021 -8.906 -8.900 -9.080 -8.787 -8.982 -8.761 -8.681 -8.611 -8.571 -8.494 -8.471 -8.398 -8.221 -8.224 -8.135 -7.984 -7.496 -6.465 -6.658 -6.499 -6.857 -7.257 -7.682 -7.619 -7.624 -7.369 -7.453 -7.505 -7.846 -7.873 -7.943 -7.951 -7.876 -7.929
-5.641 -6.172 -6.385 -6.599 -6.834 -6.887 -7.188 -7.422 -7.761 -7.713 -8.039 -8.260 -8.632 -8.791 -8.885 -9.041 -9.111 -8.776 -8.805 -8.652 -8.668 -8.535 -8.792 -8.923 -8.898 -8.977 -8.880 -8.822 -8.985 -8.627 -8.645 -8.656 -8.632 -8.548 -8.491 -8.441 -8.413 -8.288 -8.124 -8.054 -8.101 -7.946 -7.797 -6.928 -6.285 -7.473 -7.520 -7.534 -7.584 -7.564 -7.422 -6.992 -7.481 -7.779 -7.843 -7.847 -7.901 -7.894 -7.964 -7.839
-5.859 -6.128 -6.327 -6.545 -6.807 -6.836 -7.177 -7.382 -7.457 -7.616 -7.998 -8.268 -8.260 -8.647 -8.733 -8.855 -8.974 -9.018 -8.868 -8.880 -8.505 -8.468 -8.644 -8.840 -8.799 -8.697 -8.694 -8.648 -8.557 -8.475 -8.454 -8.524 -8.470 -8.461 -8.417 -8.319 -8.276 -8.058 -8.037 -8.006 -7.884 -7.848 -7.811 -7.376 -6.102 -7.083 -7.656 -7.486 -7.501 -6.858 -6.397 -6.795 -7.437 -7.940 -7.620 -7.755 -7.808 -7.742 -7.914 -7.905
-5.869 -6.095 -6.282 -6.497 -6.675 -6.764 -6.978 -7.333 -7.509 -7.712 -7.887 -8.094 -8.129 -8.263 -8.581 -8.751 -8.848 -8.665 -8.746 -8.793 -8.583 -8.488 -8.449 -8.639 -8.699 -8.630 -8.495 -8.473 -8.448 -8.370 -8.335 -8.358 -8.344 -8.428 -8.341 -8.199 -8.040 -7.915 -7.897 -7.724 -7.654 -7.856 -7.808 -7.534 -6.506 -6.289 -7.258 -7.491 -7.058 -6.113 -7.024 -7.347 -7.406 -7.933 -7.699 -7.572 -7.641 -7.643 -7.713 -7.748
-5.734 -5.946 -6.048 -6.346 -6.590 -6.752 -7.084 -7.273 -7.419 -7.589 -7.830 -7.926 -8.065 -8.191 -8.362 -8.576 -8.453 -8.439 -8.431 -8.456 -8.406 -8.578 -8.292 -8.323 -8.550 -8.590 -8.400 -8.416 -8.428 -8.274 -8.256 -8.213 -8.333 -8.287 -8.081 -8.109 -7.932 -7.880 -7.779 -7.845 -7.602 -7.777 -7.728 -7.657 -6.765 -6.046 -6.325 -6.951 -6.174 -6.724 -6.848 -6.792 -7.406 -7.824 -7.738 -7.624 -7.503 -7.540 -7.630 -7.641
-5.622 -5.840 -6.018 -6.088 -6.555 -6.812 -7.058 -7.175 -7.352 -7.577 -7.743 -7.682 -7.969 -7.988 -8.227 -8.397 -8.615 -8.391 -8.353 -8.452 -8.453 -8.469 -8.351 -8.195 -8.347 -8.441 -8.394 -8.319 -8.321 -8.270 -8.194 -8.162 -8.176 -8.161 -8.037 -7.897 -7.900 -7.861 -7.753 -7.743 -7.678 -7.315 -7.608 -7.513 -7.516 -6.528 -5.542 -6.289 -5.750 -6.796 -7.297 -6.948 -7.129 -7.622 -7.551 -7.608 -7.488 -7.425 -7.478 -7.660
-5.439 -5.379 -5.896 -6.233 -6.492 -6.635 -6.914 -7.155 -7.296 -7.431 -7.583 -7.554 -7.653 -7.946 -8.105 -8.247 -8.291 -8.323 -8.309 -8.295 -8.414 -8.329 -8.306 -8.375 -8.345 -8.065 -8.253 -8.195 -8.152 -8.101 -8.029 -7.996 -8.042 -8.007 -7.922 -7.836 -7.747 -7.712 -7.587 -7.574 -7.607 -7.447 -7.238 -7.399 -7.455 -7.312 -5.877 -5.608 -5.974 -6.794 -7.254 -7.249 -7.275 -7.216 -7.154 -7.427 -7.458 -7.352 -7.485 -7.555
-5.231 -5.297 -5.800 -6.134 -6.223 -6.609 -6.861 -7.066 -7.245 -7.269 -7.461 -7.471 -7.665 -7.866 -8.001 -8.084 -8.082 -8.241 -8.169 -8.274 -8.423 -8.637 -8.381 -8.192 -8.225 -8.050 -8.166 -8.083 -8.028 -7.965 -7.922 -7.864 -7.905 -7.903 -7.841 -7.689 -7.622 -7.614 -7.551 -7.465 -7.450 -7.412 -7.133 -6.867 -7.038 -6.459 -5.665 -5.872 -6.333 -6.472 -6.822 -7.235 -7.356 -7.241 -7.210 -7.277 -7.269 -7.243 -7.338 -7.317
-4.901 -5.610 -5.871 -5.930 -6.280 -6.582 -6.776 -6.994 -7.129 -7.180 -7.392 -7.453 -7.452 -7.732 -7.839 -7.966 -8.026 -8.104 -8.225 -8.113 -8.257 -8.379 -8.443 -8.163 -7.953 -7.907 -8.004 -8.143 -7.937 -8.047 -7.974 -7.862 -7.723 -7.787 -7.815 -7.740 -7.507 -7.466 -7.423 -7.388 -7.298 -7.233 -7.084 -6.068 -5.985 -5.916 -5.765 -6.174 -6.656 -6.635 -7.065 -6.924 -7.294 -7.506 -7.711 -7.362 -7.171 -7.254 -7.242 -7.223
