tests/files/spatial_manager/layers/compound/TA/TA0101201602.asc
ncols	60
nrows	60
xllcorner	390242.99999940
yllcorner	3870256.0000075
cellsize	500.00000000000
NODATA_value	-9999.000000
[rows 0 to 38 of 60, columns 0 to 59 of 60]
-8.155 -8.480 -8.583 -8.549 -8.852 -8.940 -9.246 -9.321 -10.09 -9.565 -9.656 -9.782 -9.915 -9.947 -9.982 -10.07 -10.18 -10.29 -10.39 -10.52 -10.61 -10.67 -10.79 -10.82 -10.79 -10.89 -10.87 -10.85 -10.88 -10.99 -11.14 -11.05 -10.96 -10.94 -11.00 -11.10 -11.08 -10.98 -10.82 -10.85 -9999 -9999 -9999 -9999 -9999 -9999 -9999 -9999 -9999 -9999 -9999 -9999 -9999 -9999 -9999 -9999 -9999 -9999 -9999 -9999
-8.461 -8.522 -8.697 -8.524 -9.006 -9.005 -9.123 -9.518 -9.853 -9.900 -10.04 -10.11 -9.913 -10.00 -10.15 -10.08 -10.22 -10.31 -10.44 -10.63 -10.71 -10.72 -10.68 -10.71 -10.79 -11.01 -11.28 -10.89 -10.84 -10.99 -11.07 -10.99 -10.99 -10.90 -10.93 -10.93 -10.83 -10.78 -10.75 -10.74 -9999 -9999 -9999 -9999 -9999 -9999 -9999 -9999 -9999 -9999 -9999 -9999 -9999 -9999 -9999 -9999 -9999 -9999 -9999 -9999
-8.542 -8.673 -8.741 -8.885 -9.117 -8.871 -9.046 -9.370 -9.575 -9.784 -10.05 -10.28 -10.04 -10.12 -10.14 -10.09 -10.20 -10.34 -10.53 -10.92 -11.09 -10.78 -10.68 -10.69 -10.77 -10.89 -11.13 -10.89 -10.81 -10.92 -10.90 -10.92 -10.92 -10.92 -10.97 -10.87 -10.88 -10.85 -10.73 -10.65 -9999 -9999 -9999 -9999 -9999 -9999 -9999 -9999 -9999 -9999 -9999 -9999 -9999 -9999 -9999 -9999 -9999 -9999 -9999 -9999
-8.730 -8.764 -8.795 -9.458 -9.094 -8.930 -9.041 -9.359 -9.589 -9.751 -9.910 -10.01 -10.10 -10.02 -10.12 -10.13 -10.29 -10.38 -10.62 -11.12 -11.58 -11.00 -10.68 -10.67 -10.74 -10.76 -10.77 -10.77 -10.77 -10.84 -10.84 -10.83 -10.91 -10.94 -10.98 -10.90 -10.84 -10.87 -10.80 -10.66 -9999 -9999 -9999 -9999 -9999 -9999 -9999 -9999 -9999 -9999 -9999 -9999 -9999 -9999 -9999 -9999 -9999 -9999 -9999 -9999
-9.502 -9.157 -8.905 -9.365 -9.102 -9.008 -9.112 -9.233 -9.468 -9.731 -9.862 -9.962 -10.05 -10.29 -10.24 -10.20 -10.21 -10.42 -10.48 -10.85 -11.06 -10.83 -10.61 -10.61 -10.61 -10.65 -10.69 -10.74 -10.78 -10.77 -10.76 -10.83 -10.85 -10.91 -10.93 -10.94 -10.93 -10.87 -10.76 -10.61 -9999 -9999 -9999 -9999 -9999 -9999 -9999 -9999 -9999 -9999 -9999 -9999 -9999 -9999 -9999 -9999 -9999 -9999 -9999 -9999
-9.558 -9.116 -9.210 -9.465 -9.223 -9.076 -9.220 -9.275 -9.365 -9.657 -9.708 -9.827 -9.849 -10.11 -10.10 -10.13 -10.28 -10.25 -10.42 -10.71 -10.73 -10.64 -10.55 -10.55 -10.58 -10.59 -10.62 -10.71 -10.77 -10.75 -10.73 -10.74 -10.76 -10.81 -10.84 -10.96 -10.81 -10.75 -10.70 -10.54 -9999 -9999 -9999 -9999 -9999 -9999 -9999 -9999 -9999 -9999 -9999 -9999 -9999 -9999 -9999 -9999 -9999 -9999 -9999 -9999
-9.831 -9.758 -9.627 -9.585 -9.294 -9.133 -9.160 -9.271 -9.479 -9.499 -9.679 -9.734 -9.853 -9.947 -10.03 -10.14 -10.10 -10.20 -10.36 -10.45 -10.57 -10.52 -10.68 -10.57 -10.57 -10.56 -10.58 -10.62 -10.69 -10.68 -10.67 -10.68 -10.68 -10.66 -10.74 -10.70 -10.72 -10.63 -10.61 -10.46 -9999 -9999 -9999 -9999 -9999 -9999 -9999 -9999 -9999 -9999 -9999 -9999 -9999 -9999 -9999 -9999 -9999 -9999 -9999 -9999
-10.28 -10.25 -9.663 -9.323 -9.153 -9.131 -9.162 -9.287 -9.619 -9.531 -9.614 -9.715 -9.807 -9.999 -10.10 -9.994 -10.08 -10.18 -10.32 -10.38 -10.47 -10.55 -10.81 -10.64 -10.64 -10.58 -10.56 -10.57 -10.59 -10.59 -10.58 -10.63 -10.61 -10.60 -10.60 -10.57 -10.51 -10.56 -10.40 -10.37 -9999 -9999 -9999 -9999 -9999 -9999 -9999 -9999 -9999 -9999 -9999 -9999 -9999 -9999 -9999 -9999 -9999 -9999 -9999 -9999
-10.46 -10.32 -9.638 -9.308 -9.112 -9.053 -9.130 -9.224 -9.379 -9.542 -9.599 -9.734 -9.949 -10.09 -9.952 -9.996 -10.06 -10.18 -10.26 -10.36 -10.38 -10.48 -10.58 -11.00 -11.06 -10.65 -10.68 -10.57 -10.56 -10.58 -10.56 -10.57 -10.59 -10.55 -10.55 -10.40 -10.38 -10.36 -10.35 -10.32 -9999 -9999 -9999 -9999 -9999 -9999 -9999 -9999 -9999 -9999 -9999 -9999 -9999 -9999 -9999 -9999 -9999 -9999 -9999 -9999
-9.922 -9.485 -9.404 -9.129 -9.071 -9.003 -9.088 -9.202 -9.328 -9.484 -9.606 -9.803 -9.971 -10.09 -10.04 -10.06 -10.10 -10.11 -10.27 -10.35 -10.40 -10.39 -10.50 -10.79 -10.72 -10.68 -10.69 -10.66 -10.59 -10.51 -10.49 -10.48 -10.53 -10.63 -10.72 -10.68 -10.31 -10.32 -10.28 -10.20 -9999 -9999 -9999 -9999 -9999 -9999 -9999 -9999 -9999 -9999 -9999 -9999 -9999 -9999 -9999 -9999 -9999 -9999 -9999 -9999
-9.355 -9.342 -9.028 -8.863 -8.905 -9.020 -9.180 -9.200 -9.307 -9.472 -9.627 -9.787 -9.948 -10.00 -10.59 -10.29 -10.11 -10.10 -10.21 -10.32 -10.40 -10.31 -10.49 -10.59 -10.62 -10.62 -10.62 -10.60 -10.55 -10.54 -10.36 -10.43 -10.53 -10.58 -10.63 -10.61 -10.33 -10.25 -10.22 -10.17 -9999 -9999 -9999 -9999 -9999 -9999 -9999 -9999 -9999 -9999 -9999 -9999 -9999 -9999 -9999 -9999 -9999 -9999 -9999 -9999
-8.849 -8.914 -8.911 -8.788 -8.766 -8.828 -9.053 -9.269 -9.391 -9.481 -9.677 -9.803 -9.728 -9.900 -10.14 -10.19 -10.29 -10.25 -10.15 -10.23 -10.25 -10.32 -10.27 -10.48 -10.53 -10.54 -10.59 -10.57 -10.55 -10.49 -10.30 -10.30 -10.47 -10.53 -10.53 -10.44 -10.21 -10.16 -10.12 -10.08 -9999 -9999 -9999 -9999 -9999 -9999 -9999 -9999 -9999 -9999 -9999 -9999 -9999 -9999 -9999 -9999 -9999 -9999 -9999 -9999
-8.510 -8.532 -8.701 -8.726 -8.669 -8.748 -8.940 -9.135 -9.391 -9.488 -9.608 -9.769 -9.694 -9.834 -10.01 -10.18 -10.22 -10.28 -10.33 -10.26 -10.30 -10.22 -10.24 -10.21 -10.43 -10.46 -10.43 -10.48 -10.45 -10.28 -10.24 -10.21 -10.33 -10.41 -10.35 -10.37 -10.27 -10.11 -10.07 -10.03 -9999 -9999 -9999 -9999 -9999 -9999 -9999 -9999 -9999 -9999 -9999 -9999 -9999 -9999 -9999 -9999 -9999 -9999 -9999 -9999
-8.123 -8.277 -8.474 -8.543 -8.573 -8.627 -8.791 -9.078 -9.184 -9.386 -9.584 -9.539 -9.684 -9.825 -10.18 -10.21 -10.27 -10.31 -10.32 -10.32 -10.18 -10.32 -10.23 -10.28 -10.16 -10.38 -10.38 -10.35 -10.19 -10.16 -10.16 -10.16 -10.25 -10.26 -10.24 -10.21 -10.12 -10.05 -10.01 -9.981 -9999 -9999 -9999 -9999 -9999 -9999 -9999 -9999 -9999 -9999 -9999 -9999 -9999 -9999 -9999 -9999 -9999 -9999 -9999 -9999
-7.900 -8.065 -8.174 -8.366 -8.419 -8.596 -8.668 -8.875 -9.011 -9.270 -9.293 -9.434 -9.579 -9.775 -9.985 -10.13 -10.11 -10.19 -10.26 -10.35 -10.39 -10.35 -10.34 -10.29 -10.20 -10.17 -10.17 -10.12 -10.12 -10.11 -10.10 -10.11 -10.17 -10.18 -10.27 -10.28 -10.13 -10.03 -9.958 -9.941 -9999 -9999 -9999 -9999 -9999 -9999 -9999 -9999 -9999 -9999 -9999 -9999 -9999 -9999 -9999 -9999 -9999 -9999 -9999 -9999
-7.787 -7.860 -7.987 -8.200 -8.269 -8.458 -8.645 -8.842 -8.961 -9.084 -9.403 -9.478 -9.601 -9.693 -9.893 -9.969 -10.10 -10.20 -10.27 -10.31 -10.18 -10.29 -10.24 -10.19 -10.19 -10.14 -10.15 -10.11 -10.07 -10.07 -10.07 -10.04 -10.09 -10.12 -10.33 -10.42 -10.53 -10.06 -9.905 -9.890 -9999 -9999 -9999 -9999 -9999 -9999 -9999 -9999 -9999 -9999 -9999 -9999 -9999 -9999 -9999 -9999 -9999 -9999 -9999 -9999
-7.374 -7.669 -7.931 -8.249 -8.446 -8.543 -8.725 -8.918 -8.956 -9.059 -9.485 -9.615 -9.817 -9.748 -9.789 -9.938 -10.24 -10.12 -10.52 -10.15 -10.15 -10.10 -10.11 -10.13 -10.17 -10.20 -10.11 -10.06 -10.01 -10.03 -10.06 -9.984 -10.03 -10.07 -10.23 -10.22 -10.63 -10.06 -9.861 -9.838 -9999 -9999 -9999 -9999 -9999 -9999 -9999 -9999 -9999 -9999 -9999 -9999 -9999 -9999 -9999 -9999 -9999 -9999 -9999 -9999
-7.552 -7.771 -8.026 -8.312 -8.912 -9.111 -8.832 -8.946 -9.074 -9.159 -9.178 -9.464 -9.599 -9.714 -9.742 -9.882 -10.08 -10.19 -10.16 -10.10 -10.10 -10.14 -10.07 -10.10 -10.05 -10.31 -10.04 -10.01 -9.965 -9.999 -10.01 -9.940 -9.967 -10.02 -10.09 -10.09 -10.17 -9.937 -9.798 -9.793 -9999 -9999 -9999 -9999 -9999 -9999 -9999 -9999 -9999 -9999 -9999 -9999 -9999 -9999 -9999 -9999 -9999 -9999 -9999 -9999
-7.616 -7.764 -7.923 -8.325 -8.717 -8.702 -8.750 -9.046 -9.048 -9.155 -9.223 -9.371 -9.561 -9.662 -9.701 -9.818 -10.02 -10.17 -10.15 -10.17 -10.07 -10.06 -9.979 -10.03 -10.06 -9.984 -10.07 -9.942 -9.901 -9.895 -9.888 -9.891 -9.857 -9.949 -9.999 -9.991 -9.935 -9.838 -9.738 -9.736 -9999 -9999 -9999 -9999 -9999 -9999 -9999 -9999 -9999 -9999 -9999 -9999 -9999 -9999 -9999 -9999 -9999 -9999 -9999 -9999
-7.577 -7.901 -8.152 -8.364 -8.404 -8.562 -8.741 -8.921 -8.963 -9.112 -9.202 -9.404 -9.475 -9.634 -9.752 -9.761 -9.902 -9.961 -9.924 -9.986 -9.930 -10.06 -9.973 -9.950 -9.942 -9.984 -9.986 -9.894 -9.909 -9.874 -9.845 -9.795 -9.739 -9.884 -9.929 -9.914 -9.880 -9.830 -9.751 -9.678 -9999 -9999 -9999 -9999 -9999 -9999 -9999 -9999 -9999 -9999 -9999 -9999 -9999 -9999 -9999 -9999 -9999 -9999 -9999 -9999
-7.524 -7.963 -8.123 -8.477 -8.505 -8.541 -8.781 -9.040 -9.132 -9.222 -9.262 -9.423 -9.500 -9.627 -9.725 -9.828 -9.818 -9.881 -9.892 -9.890 -10.01 -9.960 -10.03 -9.925 -9.915 -9.850 -9.786 -9.842 -9.854 -9.840 -9.799 -9.780 -9.765 -9.725 -9.852 -9.832 -9.805 -9.771 -9.702 -9.610 -9.546 -9.501 -9.470 -9.421 -9.389 -9.361 -9.315 -9.268 -9.226 -9.179 -9.134 -9.065 -8.966 -8.962 -9999 -9999 -9999 -9999 -9.035 -9.051
-7.429 -7.620 -7.941 -8.271 -8.632 -8.454 -8.719 -9.058 -9.083 -9.186 -9.311 -9.426 -9.496 -9.562 -9.639 -9.768 -9.867 -9.874 -9.800 -9.996 -9.997 -10.13 -10.17 -10.03 -9.845 -9.817 -9.713 -9.703 -9.755 -9.698 -9.715 -9.688 -9.671 -9.537 -9.727 -9.725 -9.706 -9.666 -9.632 -9.544 -9.465 -9.422 -9.392 -9.338 -9.323 -9.291 -9.255 -9.207 -9.123 -9.082 -9.071 -8.993 -8.931 -8.966 -9.235 -9.287 -8.967 -8.927 -8.848 -9.123
-7.383 -7.618 -7.517 -7.855 -8.172 -8.473 -8.812 -9.059 -9.439 -9.427 -9.392 -9.442 -9.654 -9.822 -9.666 -9.665 -9.750 -9.890 -9.937 -9.929 -9.894 -9.980 -9.899 -9.858 -9.792 -9.748 -9.706 -9.671 -9.659 -9.644 -9.614 -9.556 -9.553 -9.243 -9.643 -9.611 -9.538 -9.515 -9.529 -9.454 -9.420 -9.330 -9.290 -9.259 -9.228 -9.197 -9.162 -9.092 -9.052 -9.029 -8.954 -8.918 -8.893 -8.904 -9.226 -9.379 -9.060 -9.020 -9.064 -8.902
-7.255 -7.165 -7.567 -7.834 -8.107 -8.423 -8.752 -8.978 -9.290 -9.503 -9.450 -9.453 -9.717 -10.38 -9.786 -9.663 -9.683 -9.766 -9.811 -9.905 -9.790 -9.680 -9.668 -9.633 -9.666 -9.679 -9.629 -9.623 -9.624 -9.608 -9.610 -9.524 -9.463 -9.478 -9.459 -8.967 -9.445 -9.321 -9.332 -8.819 -9.179 -9.239 -9.206 -9.204 -9.154 -9.116 -9.101 -9.063 -9.009 -8.965 -8.885 -8.870 -8.888 -8.866 -8.989 -9.117 -9.046 -9.013 -8.931 -8.975
-7.040 -7.089 -7.392 -7.805 -8.155 -8.438 -8.718 -8.888 -9.083 -9.340 -9.309 -9.461 -9.619 -10.07 -9.900 -9.697 -9.661 -9.723 -9.802 -9.864 -9.639 -9.628 -9.611 -9.687 -9.679 -9.604 -9.582 -9.660 -9.654 -9.550 -9.537 -9.531 -9.507 -9.476 -9.403 -9.235 -8.670 -8.668 -8.912 -9.224 -9.224 -9.222 -9.124 -9.134 -9.099 -9.066 -9.048 -9.010 -8.965 -8.924 -8.828 -8.849 -8.830 -8.782 -8.900 -8.908 -8.916 -8.951 -8.791 -8.882
-6.789 -7.023 -7.351 -7.727 -8.132 -8.391 -8.664 -8.826 -9.013 -9.092 -9.320 -9.358 -9.496 -9.796 -9.863 -9.736 -9.810 -9.614 -9.744 -9.714 -9.705 -9.575 -9.663 -9.657 -9.737 -9.613 -9.553 -9.644 -9.672 -9.524 -9.487 -9.468 -9.474 -9.365 -9.301 -9.306 -9.273 -9.125 -8.350 -8.242 -8.938 -9.123 -9.271 -9.110 -9.039 -9.009 -8.968 -8.936 -8.918 -8.872 -8.778 -8.799 -8.756 -8.723 -8.830 -8.780 -8.825 -8.772 -8.827 -8.887
-6.793 -7.136 -7.313 -7.617 -8.008 -8.164 -8.501 -8.690 -8.921 -8.996 -9.135 -9.218 -9.607 -9.744 -9.900 -10.05 -10.07 -9.765 -9.700 -9.787 -9.580 -9.653 -9.727 -9.777 -10.07 -9.746 -9.588 -9.518 -9.685 -9.754 -9.545 -9.505 -9.379 -9.308 -9.388 -9.219 -9.174 -9.168 -9.176 -8.400 -8.595 -8.758 -8.873 -8.994 -9.017 -8.994 -8.981 -8.956 -8.854 -8.763 -8.719 -8.743 -8.640 -8.770 -8.745 -8.777 -8.708 -8.835 -8.668 -8.728
-6.880 -7.079 -7.340 -7.595 -7.850 -7.892 -8.362 -8.256 -8.464 -8.865 -9.053 -9.251 -9.314 -9.427 -9.702 -9.826 -9.846 -9.972 -9.851 -9.877 -9.778 -9.658 -9.727 -9.791 -9.781 -9.676 -9.529 -9.543 -9.710 -9.661 -9.578 -9.386 -9.333 -9.271 -9.226 -9.157 -9.128 -9.085 -8.820 -8.514 -8.127 -8.851 -8.531 -8.913 -8.871 -8.752 -8.777 -8.785 -8.338 -8.721 -8.701 -8.673 -8.518 -8.645 -8.616 -8.565 -8.618 -8.779 -8.808 -8.669
-6.700 -6.911 -7.192 -7.470 -7.771 -7.826 -8.146 -8.295 -8.588 -8.884 -9.025 -8.947 -9.205 -9.505 -9.790 -9.820 -9.885 -9.828 -9.768 -9.775 -9.787 -9.716 -9.785 -9.751 -9.645 -9.694 -9.574 -9.554 -9.658 -9.646 -9.554 -9.400 -9.304 -9.263 -9.217 -9.197 -9.163 -9.189 -9.090 -8.343 -8.081 -7.603 -8.217 -8.764 -8.709 -8.612 -8.603 -8.572 -7.741 -8.548 -8.551 -8.549 -8.549 -8.798 -8.680 -8.659 -8.522 -8.592 -8.788 -8.818
-6.597 -6.896 -7.156 -7.449 -7.712 -7.732 -8.006 -8.161 -8.444 -8.828 -8.760 -8.856 -9.010 -9.383 -9.683 -9.696 -9.808 -9.911 -9.831 -9.736 -9.461 -9.775 -9.775 -9.863 -9.936 -9.699 -9.634 -9.506 -9.539 -9.684 -9.721 -9.524 -9.373 -9.390 -9.312 -9.254 -9.223 -9.076 -9.080 -8.977 -8.883 -8.101 -7.307 -8.009 -8.513 -8.362 -7.969 -8.007 -7.984 -8.386 -8.432 -8.408 -8.449 -8.648 -8.616 -8.678 -8.701 -8.574 -8.595 -8.814
-6.610 -6.902 -7.123 -7.391 -7.622 -7.646 -8.043 -8.250 -8.486 -8.724 -8.776 -8.931 -8.994 -9.521 -9.593 -9.647 -9.519 -9.476 -9.822 -9.367 -9.305 -9.473 -9.686 -9.742 -9.930 -9.728 -9.614 -9.608 -9.789 -9.497 -9.692 -9.471 -9.392 -9.322 -9.284 -9.207 -9.185 -9.112 -8.935 -8.939 -8.850 -8.700 -8.213 -7.182 -7.376 -7.217 -7.576 -7.976 -8.402 -8.339 -8.344 -8.090 -8.175 -8.228 -8.569 -8.597 -8.668 -8.678 -8.604 -8.658
-6.304 -6.838 -7.055 -7.272 -7.510 -7.565 -7.869 -8.106 -8.448 -8.401 -8.729 -8.953 -9.326 -9.487 -9.582 -9.739 -9.810 -9.476 -9.507 -9.355 -9.372 -9.239 -9.497 -9.629 -9.605 -9.684 -9.588 -9.531 -9.695 -9.337 -9.356 -9.367 -9.344 -9.261 -9.204 -9.154 -9.127 -9.003 -8.840 -8.770 -8.817 -8.663 -8.514 -7.646 -7.003 -8.191 -8.238 -8.254 -8.303 -8.284 -8.142 -7.714 -8.203 -8.502 -8.566 -8.572 -8.626 -8.621 -8.692 -8.568
-6.520 -6.792 -6.995 -7.216 -7.481 -7.514 -7.857 -8.064 -8.142 -8.303 -8.687 -8.959 -8.954 -9.341 -9.430 -9.553 -9.674 -9.719 -9.570 -9.582 -9.209 -9.173 -9.350 -9.546 -9.506 -9.405 -9.402 -9.357 -9.267 -9.186 -9.165 -9.236 -9.183 -9.174 -9.131 -9.033 -8.991 -8.773 -8.753 -8.722 -8.601 -8.565 -8.528 -8.094 -6.820 -7.801 -8.375 -8.205 -8.221 -7.578 -7.118 -7.516 -8.159 -8.663 -8.343 -8.479 -8.533 -8.468 -8.642 -8.634
-6.527 -6.758 -6.948 -7.167 -7.347 -7.440 -7.656 -8.014 -8.192 -8.399 -8.575 -8.785 -8.821 -8.958 -9.277 -9.449 -9.547 -9.365 -9.448 -9.496 -9.287 -9.194 -9.155 -9.346 -9.407 -9.339 -9.204 -9.183 -9.159 -9.081 -9.047 -9.071 -9.057 -9.142 -9.056 -8.914 -8.756 -8.631 -8.613 -8.440 -8.371 -8.573 -8.525 -8.252 -7.224 -7.008 -7.977 -8.210 -7.777 -6.833 -7.744 -8.068 -8.127 -8.655 -8.421 -8.296 -8.366 -8.368 -8.440 -8.475
-6.390 -6.606 -6.712 -7.013 -7.260 -7.426 -7.761 -7.953 -8.102 -8.274 -8.517 -8.615 -8.757 -8.885 -9.057 -9.273 -9.152 -9.139 -9.133 -9.159 -9.111 -9.283 -8.999 -9.030 -9.258 -9.300 -9.110 -9.126 -9.140 -8.986 -8.969 -8.926 -9.047 -9.001 -8.796 -8.824 -8.647 -8.596 -8.495 -8.562 -8.319 -8.494 -8.445 -8.375 -7.483 -6.764 -7.044 -7.670 -6.893 -7.444 -7.568 -7.513 -8.126 -8.545 -8.460 -8.347 -8.226 -8.264 -8.356 -8.368
-6.276 -6.498 -6.680 -6.754 -7.225 -7.484 -7.733 -7.854 -8.034 -8.261 -8.430 -8.371 -8.660 -8.681 -8.922 -9.095 -9.314 -9.091 -9.055 -9.155 -9.158 -9.175 -9.058 -8.903 -9.056 -9.151 -9.104 -9.030 -9.032 -8.982 -8.907 -8.876 -8.890 -8.875 -8.753 -8.613 -8.616 -8.577 -8.470 -8.460 -8.395 -8.032 -8.325 -8.230 -8.234 -7.246 -6.260 -7.007 -6.469 -7.514 -8.016 -7.667 -7.849 -8.343 -8.272 -8.330 -8.210 -8.148 -8.203 -8.385
-6.091 -6.036 -6.556 -6.897 -7.160 -7.306 -7.589 -7.832 -7.976 -8.115 -8.269 -8.242 -8.344 -8.639 -8.800 -8.944 -8.990 -9.024 -9.011 -8.998 -9.119 -9.035 -9.013 -9.083 -9.054 -8.775 -8.964 -8.907 -8.865 -8.814 -8.742 -8.710 -8.757 -8.722 -8.637 -8.552 -8.463 -8.428 -8.303 -8.291 -8.324 -8.164 -7.955 -8.116 -8.172 -8.029 -6.595 -6.326 -6.692 -7.512 -7.972 -7.967 -7.993 -7.934 -7.873 -8.147 -8.178 -8.074 -8.208 -8.279
-5.881 -5.952 -6.459 -6.797 -6.889 -7.279 -7.535 -7.743 -7.924 -7.952 -8.146 -8.159 -8.356 -8.559 -8.696 -8.781 -8.781 -8.942 -8.872 -8.978 -9.128 -9.343 -9.088 -8.900 -8.935 -8.761 -8.877 -8.794 -8.741 -8.678 -8.636 -8.578 -8.620 -8.618 -8.556 -8.405 -8.337 -8.330 -8.267 -8.181 -8.166 -8.128 -7.849 -7.583 -7.754 -7.175 -6.382 -6.588 -7.049 -7.188 -7.538 -7.952 -8.073 -7.959 -7.928 -7.996 -7.988 -7.963 -8.058 -8.039
-5.549 -6.263 -6.528 -6.591 -6.945 -7.250 -7.448 -7.670 -7.807 -7.861 -8.077 -8.141 -8.142 -8.424 -8.534 -8.663 -8.725 -8.805 -8.927 -8.817 -8.962 -9.086 -9.150 -8.872 -8.663 -8.618 -8.716 -8.855 -8.650 -8.760 -8.688 -8.577 -8.438 -8.502 -8.530 -8.455 -8.223 -8.182 -8.139 -8.103 -8.013 -7.949 -7.800 -6.784 -6.700 -6.631 -6.480 -6.889 -7.371 -7.350 -7.780 -7.639 -8.009 -8.222 -8.427 -8.078 -7.887 -7.972 -7.960 -7.943
