tests/files/spatial_manager/layers/compound/TA/TA0101201604.asc
ncols	60
nrows	60
xllcorner	390242.99999940
yllcorner	3870256.0000075
cellsize	500.00000000000
NODATA_value	-9999.000000
[rows 0 to 38 of 60, columns 0 to 59 of 60]
-8.004 -8.319 -8.413 -8.369 -8.661 -8.739 -9.034 -9.099 -9.861 -9.321 -9.402 -9.517 -9.639 -9.660 -9.686 -9.767 -9.863 -9.961 -10.06 -10.18 -10.26 -10.31 -10.42 -10.44 -10.40 -10.49 -10.47 -10.44 -10.47 -10.56 -10.71 -10.62 -10.52 -10.50 -10.56 -10.65 -10.63 -10.53 -10.37 -10.39 -9999 -9999 -9999 -9999 -9999 -9999 -9999 -9999 -9999 -9999 -9999 -9999 -9999 -9999 -9999 -9999 -9999 -9999 -9999 -9999
-8.308 -8.359 -8.525 -8.342 -8.814 -8.802 -8.910 -9.294 -9.619 -9.655 -9.783 -9.846 -9.636 -9.713 -9.848 -9.769 -9.900 -9.980 -10.10 -10.28 -10.35 -10.35 -10.30 -10.33 -10.40 -10.61 -10.88 -10.48 -10.43 -10.57 -10.64 -10.56 -10.55 -10.47 -10.48 -10.49 -10.38 -10.33 -10.30 -10.29 -9999 -9999 -9999 -9999 -9999 -9999 -9999 -9999 -9999 -9999 -9999 -9999 -9999 -9999 -9999 -9999 -9999 -9999 -9999 -9999
-8.388 -8.509 -8.567 -8.701 -8.923 -8.666 -8.831 -9.145 -9.339 -9.537 -9.788 -10.01 -9.757 -9.828 -9.837 -9.784 -9.875 -10.01 -10.19 -10.57 -10.73 -10.41 -10.30 -10.31 -10.38 -10.49 -10.72 -10.48 -10.39 -10.50 -10.48 -10.48 -10.48 -10.48 -10.53 -10.42 -10.43 -10.40 -10.28 -10.20 -9999 -9999 -9999 -9999 -9999 -9999 -9999 -9999 -9999 -9999 -9999 -9999 -9999 -9999 -9999 -9999 -9999 -9999 -9999 -9999
-8.575 -8.599 -8.620 -9.273 -8.898 -8.725 -8.824 -9.132 -9.351 -9.503 -9.651 -9.745 -9.820 -9.730 -9.821 -9.822 -9.963 -10.05 -10.28 -10.77 -11.22 -10.63 -10.30 -10.28 -10.35 -10.36 -10.37 -10.36 -10.35 -10.41 -10.41 -10.40 -10.47 -10.50 -10.54 -10.45 -10.40 -10.42 -10.35 -10.21 -9999 -9999 -9999 -9999 -9999 -9999 -9999 -9999 -9999 -9999 -9999 -9999 -9999 -9999 -9999 -9999 -9999 -9999 -9999 -9999
-9.346 -8.990 -8.729 -9.179 -8.906 -8.801 -8.894 -9.005 -9.228 -9.481 -9.601 -9.691 -9.772 -9.994 -9.932 -9.890 -9.890 -10.09 -10.13 -10.50 -10.70 -10.46 -10.23 -10.22 -10.22 -10.25 -10.28 -10.33 -10.37 -10.35 -10.34 -10.39 -10.41 -10.47 -10.48 -10.50 -10.48 -10.42 -10.31 -10.16 -9999 -9999 -9999 -9999 -9999 -9999 -9999 -9999 -9999 -9999 -9999 -9999 -9999 -9999 -9999 -9999 -9999 -9999 -9999 -9999
-9.399 -8.948 -9.032 -9.277 -9.025 -8.868 -9.000 -9.045 -9.124 -9.406 -9.446 -9.554 -9.565 -9.816 -9.795 -9.811 -9.954 -9.911 -10.07 -10.36 -10.37 -10.27 -10.18 -10.17 -10.19 -10.20 -10.22 -10.30 -10.36 -10.32 -10.31 -10.31 -10.33 -10.37 -10.40 -10.52 -10.36 -10.30 -10.26 -10.09 -9999 -9999 -9999 -9999 -9999 -9999 -9999 -9999 -9999 -9999 -9999 -9999 -9999 -9999 -9999 -9999 -9999 -9999 -9999 -9999
-9.672 -9.589 -9.448 -9.395 -9.094 -8.923 -8.939 -9.040 -9.236 -9.245 -9.415 -9.460 -9.568 -9.651 -9.726 -9.825 -9.774 -9.867 -10.02 -10.09 -10.21 -10.15 -10.31 -10.19 -10.18 -10.16 -10.18 -10.21 -10.27 -10.26 -10.24 -10.25 -10.25 -10.23 -10.30 -10.25 -10.27 -10.19 -10.17 -10.02 -9999 -9999 -9999 -9999 -9999 -9999 -9999 -9999 -9999 -9999 -9999 -9999 -9999 -9999 -9999 -9999 -9999 -9999 -9999 -9999
-10.12 -10.08 -9.482 -9.132 -8.952 -8.919 -8.939 -9.054 -9.375 -9.276 -9.348 -9.439 -9.520 -9.702 -9.796 -9.677 -9.751 -9.839 -9.977 -10.02 -10.10 -10.18 -10.43 -10.26 -10.25 -10.18 -10.15 -10.16 -10.18 -10.17 -10.15 -10.20 -10.18 -10.17 -10.16 -10.13 -10.07 -10.12 -9.956 -9.931 -9999 -9999 -9999 -9999 -9999 -9999 -9999 -9999 -9999 -9999 -9999 -9999 -9999 -9999 -9999 -9999 -9999 -9999 -9999 -9999
-10.30 -10.14 -9.456 -9.116 -8.909 -8.840 -8.907 -8.990 -9.133 -9.286 -9.332 -9.456 -9.661 -9.788 -9.643 -9.677 -9.733 -9.838 -9.916 -10.00 -10.02 -10.11 -10.20 -10.61 -10.66 -10.25 -10.27 -10.16 -10.15 -10.16 -10.13 -10.14 -10.16 -10.11 -10.11 -9.964 -9.935 -9.918 -9.905 -9.872 -9999 -9999 -9999 -9999 -9999 -9999 -9999 -9999 -9999 -9999 -9999 -9999 -9999 -9999 -9999 -9999 -9999 -9999 -9999 -9999
-9.759 -9.312 -9.221 -8.936 -8.867 -8.789 -8.862 -8.966 -9.081 -9.226 -9.338 -9.524 -9.681 -9.794 -9.729 -9.740 -9.768 -9.766 -9.923 -9.993 -10.04 -10.02 -10.12 -10.40 -10.33 -10.27 -10.28 -10.25 -10.17 -10.09 -10.06 -10.05 -10.10 -10.19 -10.28 -10.24 -9.873 -9.875 -9.844 -9.758 -9999 -9999 -9999 -9999 -9999 -9999 -9999 -9999 -9999 -9999 -9999 -9999 -9999 -9999 -9999 -9999 -9999 -9999 -9999 -9999
-9.191 -9.168 -8.844 -8.668 -8.700 -8.804 -8.954 -8.962 -9.059 -9.213 -9.358 -9.506 -9.658 -9.700 -10.28 -9.971 -9.777 -9.757 -9.862 -9.964 -10.04 -9.936 -10.11 -10.21 -10.22 -10.22 -10.21 -10.19 -10.13 -10.12 -9.934 -9.998 -10.10 -10.14 -10.19 -10.17 -9.893 -9.809 -9.783 -9.729 -9999 -9999 -9999 -9999 -9999 -9999 -9999 -9999 -9999 -9999 -9999 -9999 -9999 -9999 -9999 -9999 -9999 -9999 -9999 -9999
-8.683 -8.739 -8.726 -8.592 -8.560 -8.611 -8.825 -9.030 -9.142 -9.221 -9.406 -9.522 -9.436 -9.598 -9.832 -9.870 -9.960 -9.909 -9.797 -9.871 -9.886 -9.946 -9.891 -10.09 -10.13 -10.14 -10.18 -10.16 -10.13 -10.07 -9.876 -9.873 -10.04 -10.09 -10.09 -10.00 -9.769 -9.722 -9.682 -9.642 -9999 -9999 -9999 -9999 -9999 -9999 -9999 -9999 -9999 -9999 -9999 -9999 -9999 -9999 -9999 -9999 -9999 -9999 -9999 -9999
-8.343 -8.355 -8.514 -8.528 -8.461 -8.529 -8.711 -8.895 -9.140 -9.226 -9.336 -9.486 -9.400 -9.531 -9.698 -9.853 -9.891 -9.941 -9.979 -9.899 -9.930 -9.847 -9.860 -9.817 -10.04 -10.06 -10.03 -10.07 -10.03 -9.862 -9.819 -9.788 -9.902 -9.978 -9.914 -9.933 -9.835 -9.673 -9.631 -9.597 -9999 -9999 -9999 -9999 -9999 -9999 -9999 -9999 -9999 -9999 -9999 -9999 -9999 -9999 -9999 -9999 -9999 -9999 -9999 -9999
-7.955 -8.099 -8.286 -8.345 -8.364 -8.407 -8.560 -8.837 -8.932 -9.124 -9.310 -9.255 -9.390 -9.521 -9.862 -9.887 -9.941 -9.971 -9.973 -9.958 -9.817 -9.941 -9.852 -9.891 -9.769 -9.983 -9.974 -9.940 -9.775 -9.740 -9.736 -9.733 -9.819 -9.827 -9.813 -9.778 -9.686 -9.619 -9.579 -9.546 -9999 -9999 -9999 -9999 -9999 -9999 -9999 -9999 -9999 -9999 -9999 -9999 -9999 -9999 -9999 -9999 -9999 -9999 -9999 -9999
-7.731 -7.885 -7.984 -8.167 -8.208 -8.375 -8.436 -8.632 -8.758 -9.005 -9.018 -9.148 -9.284 -9.469 -9.670 -9.808 -9.780 -9.849 -9.904 -9.989 -10.03 -9.970 -9.955 -9.898 -9.807 -9.770 -9.759 -9.708 -9.705 -9.693 -9.682 -9.683 -9.747 -9.753 -9.843 -9.846 -9.700 -9.602 -9.525 -9.509 -9999 -9999 -9999 -9999 -9999 -9999 -9999 -9999 -9999 -9999 -9999 -9999 -9999 -9999 -9999 -9999 -9999 -9999 -9999 -9999
-7.616 -7.679 -7.796 -7.999 -8.058 -8.235 -8.412 -8.598 -8.706 -8.819 -9.128 -9.192 -9.304 -9.387 -9.576 -9.643 -9.769 -9.859 -9.921 -9.947 -9.814 -9.915 -9.854 -9.803 -9.794 -9.735 -9.746 -9.700 -9.659 -9.653 -9.651 -9.616 -9.662 -9.696 -9.903 -9.994 -10.10 -9.626 -9.474 -9.459 -9999 -9999 -9999 -9999 -9999 -9999 -9999 -9999 -9999 -9999 -9999 -9999 -9999 -9999 -9999 -9999 -9999 -9999 -9999 -9999
-7.203 -7.488 -7.740 -8.047 -8.233 -8.320 -8.491 -8.673 -8.700 -8.792 -9.208 -9.327 -9.519 -9.440 -9.472 -9.611 -9.899 -9.776 -10.16 -9.786 -9.783 -9.726 -9.724 -9.736 -9.777 -9.801 -9.707 -9.651 -9.596 -9.610 -9.640 -9.562 -9.609 -9.644 -9.806 -9.789 -10.20 -9.636 -9.432 -9.410 -9999 -9999 -9999 -9999 -9999 -9999 -9999 -9999 -9999 -9999 -9999 -9999 -9999 -9999 -9999 -9999 -9999 -9999 -9999 -9999
-7.380 -7.589 -7.834 -8.109 -8.698 -8.887 -8.597 -8.700 -8.817 -8.892 -8.900 -9.176 -9.300 -9.405 -9.424 -9.554 -9.740 -9.844 -9.808 -9.735 -9.726 -9.766 -9.692 -9.711 -9.657 -9.906 -9.634 -9.602 -9.552 -9.583 -9.596 -9.518 -9.544 -9.596 -9.661 -9.668 -9.744 -9.510 -9.371 -9.366 -9999 -9999 -9999 -9999 -9999 -9999 -9999 -9999 -9999 -9999 -9999 -9999 -9999 -9999 -9999 -9999 -9999 -9999 -9999 -9999
-7.443 -7.581 -7.729 -8.120 -8.502 -8.477 -8.514 -8.799 -8.790 -8.887 -8.944 -9.081 -9.261 -9.352 -9.382 -9.490 -9.683 -9.820 -9.792 -9.804 -9.701 -9.682 -9.596 -9.638 -9.661 -9.585 -9.670 -9.534 -9.489 -9.480 -9.470 -9.471 -9.435 -9.526 -9.575 -9.566 -9.510 -9.413 -9.313 -9.311 -9999 -9999 -9999 -9999 -9999 -9999 -9999 -9999 -9999 -9999 -9999 -9999 -9999 -9999 -9999 -9999 -9999 -9999 -9999 -9999
-7.402 -7.716 -7.957 -8.159 -8.188 -8.335 -8.504 -8.673 -8.704 -8.842 -8.922 -9.114 -9.174 -9.323 -9.432 -9.431 -9.563 -9.614 -9.569 -9.623 -9.560 -9.685 -9.590 -9.561 -9.548 -9.585 -9.583 -9.486 -9.498 -9.460 -9.428 -9.377 -9.319 -9.462 -9.506 -9.491 -9.456 -9.406 -9.328 -9.255 -9999 -9999 -9999 -9999 -9999 -9999 -9999 -9999 -9999 -9999 -9999 -9999 -9999 -9999 -9999 -9999 -9999 -9999 -9999 -9999
-7.349 -7.778 -7.927 -8.271 -8.288 -8.314 -8.542 -8.790 -8.872 -8.951 -8.980 -9.132 -9.198 -9.316 -9.404 -9.498 -9.479 -9.534 -9.537 -9.527 -9.639 -9.584 -9.652 -9.536 -9.522 -9.451 -9.384 -9.435 -9.444 -9.428 -9.384 -9.363 -9.346 -9.305 -9.431 -9.411 -9.383 -9.350 -9.282 -9.190 -9.127 -9.084 -9.054 -9.007 -8.977 -8.951 -8.908 -8.863 -8.823 -8.779 -8.737 -8.671 -8.575 -8.573 -9999 -9999 -9999 -9999 -8.660 -8.679
-7.252 -7.434 -7.745 -8.064 -8.414 -8.225 -8.480 -8.807 -8.822 -8.914 -9.029 -9.134 -9.193 -9.250 -9.317 -9.438 -9.528 -9.527 -9.444 -9.633 -9.627 -9.758 -9.792 -9.637 -9.452 -9.419 -9.311 -9.298 -9.346 -9.286 -9.302 -9.273 -9.254 -9.119 -9.308 -9.305 -9.287 -9.247 -9.213 -9.126 -9.049 -9.007 -8.979 -8.926 -8.913 -8.883 -8.850 -8.804 -8.723 -8.684 -8.676 -8.601 -8.542 -8.580 -8.852 -8.907 -8.590 -8.552 -8.476 -8.753
-7.206 -7.430 -7.319 -7.647 -7.953 -8.244 -8.571 -8.808 -9.177 -9.155 -9.109 -9.149 -9.351 -9.509 -9.344 -9.334 -9.410 -9.542 -9.581 -9.566 -9.524 -9.604 -9.517 -9.470 -9.399 -9.351 -9.305 -9.267 -9.252 -9.234 -9.201 -9.141 -9.138 -8.826 -9.226 -9.193 -9.120 -9.098 -9.113 -9.039 -9.006 -8.917 -8.879 -8.850 -8.821 -8.793 -8.760 -8.692 -8.654 -8.634 -8.563 -8.529 -8.507 -8.521 -8.846 -9.001 -8.686 -8.648 -8.694 -8.535
-7.076 -6.977 -7.368 -7.625 -7.887 -8.192 -8.510 -8.726 -9.027 -9.229 -9.166 -9.159 -9.413 -10.07 -9.463 -9.331 -9.343 -9.417 -9.455 -9.542 -9.420 -9.304 -9.286 -9.246 -9.275 -9.283 -9.229 -9.220 -9.218 -9.199 -9.199 -9.111 -9.049 -9.063 -9.044 -8.552 -9.030 -8.906 -8.919 -8.406 -8.767 -8.829 -8.798 -8.798 -8.750 -8.714 -8.701 -8.666 -8.614 -8.574 -8.496 -8.485 -8.505 -8.486 -8.612 -8.742 -8.674 -8.644 -8.564 -8.610
-6.861 -6.899 -7.192 -7.595 -7.934 -8.207 -8.475 -8.634 -8.819 -9.066 -9.025 -9.166 -9.315 -9.754 -9.577 -9.365 -9.320 -9.375 -9.446 -9.501 -9.269 -9.253 -9.229 -9.301 -9.288 -9.209 -9.183 -9.258 -9.249 -9.143 -9.128 -9.120 -9.095 -9.063 -8.990 -8.822 -8.258 -8.256 -8.501 -8.813 -8.815 -8.815 -8.719 -8.731 -8.697 -8.667 -8.652 -8.616 -8.574 -8.535 -8.443 -8.466 -8.450 -8.405 -8.526 -8.536 -8.547 -8.585 -8.427 -8.520
-6.609 -6.832 -7.151 -7.516 -7.911 -8.159 -8.421 -8.572 -8.748 -8.817 -9.035 -9.063 -9.191 -9.482 -9.539 -9.403 -9.469 -9.266 -9.388 -9.351 -9.336 -9.200 -9.283 -9.272 -9.347 -9.219 -9.156 -9.243 -9.269 -9.118 -9.079 -9.059 -9.064 -8.955 -8.890 -8.895 -8.863 -8.715 -7.942 -7.835 -8.532 -8.719 -8.869 -8.710 -8.641 -8.613 -8.575 -8.545 -8.530 -8.487 -8.395 -8.419 -8.379 -8.349 -8.459 -8.411 -8.459 -8.409 -8.466 -8.529
-6.612 -6.945 -7.111 -7.405 -7.785 -7.930 -8.257 -8.435 -8.656 -8.720 -8.849 -8.922 -9.302 -9.429 -9.576 -9.719 -9.724 -9.417 -9.344 -9.425 -9.212 -9.278 -9.347 -9.393 -9.682 -9.353 -9.192 -9.119 -9.283 -9.350 -9.139 -9.098 -8.972 -8.900 -8.980 -8.811 -8.766 -8.761 -8.770 -7.995 -8.192 -8.357 -8.474 -8.597 -8.622 -8.602 -8.591 -8.568 -8.469 -8.381 -8.340 -8.367 -8.266 -8.400 -8.377 -8.412 -8.345 -8.475 -8.310 -8.372
-6.698 -6.887 -7.138 -7.382 -7.627 -7.657 -8.117 -8.000 -8.198 -8.589 -8.767 -8.955 -9.008 -9.111 -9.378 -9.493 -9.505 -9.623 -9.495 -9.515 -9.410 -9.284 -9.348 -9.407 -9.393 -9.284 -9.134 -9.145 -9.310 -9.259 -9.174 -8.981 -8.927 -8.866 -8.820 -8.751 -8.723 -8.680 -8.417 -8.112 -7.727 -8.453 -8.135 -8.518 -8.479 -8.363 -8.390 -8.401 -7.957 -8.343 -8.325 -8.300 -8.148 -8.278 -8.252 -8.204 -8.259 -8.423 -8.454 -8.317
-6.518 -6.718 -6.989 -7.256 -7.547 -7.591 -7.900 -8.039 -8.321 -8.607 -8.738 -8.650 -8.899 -9.189 -9.465 -9.488 -9.544 -9.480 -9.413 -9.414 -9.420 -9.343 -9.407 -9.368 -9.258 -9.303 -9.181 -9.158 -9.260 -9.245 -9.152 -8.997 -8.900 -8.859 -8.814 -8.794 -8.761 -8.788 -8.690 -7.944 -7.684 -7.208 -7.825 -8.374 -8.321 -8.226 -8.220 -8.191 -7.363 -8.173 -8.179 -8.180 -8.183 -8.435 -8.320 -8.301 -8.167 -8.239 -8.437 -8.469
-6.414 -6.703 -6.952 -7.234 -7.487 -7.496 -7.759 -7.904 -8.176 -8.550 -8.472 -8.559 -8.703 -9.067 -9.358 -9.363 -9.468 -9.563 -9.476 -9.375 -9.093 -9.402 -9.398 -9.481 -9.550 -9.310 -9.242 -9.111 -9.142 -9.286 -9.322 -9.124 -8.972 -8.989 -8.911 -8.854 -8.824 -8.678 -8.683 -8.582 -8.489 -7.709 -6.918 -7.622 -8.128 -7.980 -7.589 -7.631 -7.610 -8.015 -8.064 -8.043 -8.087 -8.289 -8.260 -8.324 -8.350 -8.225 -8.248 -8.470
-6.426 -6.708 -6.918 -7.176 -7.397 -7.409 -7.796 -7.993 -8.218 -8.445 -8.487 -8.633 -8.687 -9.205 -9.268 -9.314 -9.178 -9.128 -9.468 -9.006 -8.938 -9.102 -9.309 -9.361 -9.546 -9.341 -9.224 -9.215 -9.394 -9.100 -9.295 -9.073 -8.994 -8.924 -8.886 -8.810 -8.788 -8.717 -8.542 -8.547 -8.460 -8.312 -7.827 -6.799 -6.995 -6.839 -7.200 -7.603 -8.032 -7.972 -7.980 -7.730 -7.817 -7.873 -8.217 -8.248 -8.321 -8.333 -8.262 -8.318
-6.120 -6.643 -6.850 -7.056 -7.284 -7.328 -7.622 -7.847 -8.179 -8.122 -8.441 -8.654 -9.019 -9.170 -9.257 -9.406 -9.470 -9.129 -9.153 -8.995 -9.006 -8.869 -9.122 -9.250 -9.222 -9.298 -9.200 -9.140 -9.302 -8.943 -8.961 -8.972 -8.948 -8.865 -8.809 -8.760 -8.734 -8.611 -8.449 -8.381 -8.430 -8.278 -8.132 -7.266 -6.626 -7.817 -7.867 -7.885 -7.938 -7.922 -7.783 -7.357 -7.849 -8.151 -8.218 -8.227 -8.284 -8.280 -8.354 -8.232
-6.334 -6.597 -6.789 -7.000 -7.254 -7.276 -7.609 -7.806 -7.873 -8.024 -8.398 -8.660 -8.646 -9.025 -9.105 -9.221 -9.333 -9.372 -9.216 -9.223 -8.844 -8.803 -8.976 -9.168 -9.125 -9.021 -9.016 -8.968 -8.876 -8.795 -8.773 -8.843 -8.790 -8.782 -8.739 -8.642 -8.601 -8.384 -8.366 -8.337 -8.218 -8.185 -8.151 -7.719 -6.447 -7.431 -8.008 -7.841 -7.860 -7.220 -6.763 -7.164 -7.810 -8.317 -8.000 -8.138 -8.195 -8.132 -8.309 -8.303
-6.341 -6.561 -6.741 -6.949 -7.119 -7.201 -7.407 -7.755 -7.923 -8.119 -8.286 -8.486 -8.514 -8.641 -8.952 -9.116 -9.208 -9.019 -9.095 -9.138 -8.924 -8.825 -8.783 -8.970 -9.028 -8.956 -8.819 -8.797 -8.771 -8.692 -8.658 -8.681 -8.668 -8.753 -8.667 -8.526 -8.369 -8.246 -8.230 -8.060 -7.992 -8.197 -8.151 -7.881 -6.856 -6.642 -7.614 -7.851 -7.421 -6.480 -7.394 -7.721 -7.783 -8.314 -8.083 -7.960 -8.033 -8.038 -8.112 -8.150
-6.204 -6.409 -6.504 -6.795 -7.032 -7.187 -7.511 -7.693 -7.832 -7.994 -8.228 -8.317 -8.449 -8.568 -8.733 -8.941 -8.813 -8.793 -8.781 -8.802 -8.748 -8.916 -8.628 -8.656 -8.881 -8.919 -8.728 -8.742 -8.754 -8.600 -8.582 -8.539 -8.660 -8.615 -8.411 -8.440 -8.265 -8.216 -8.116 -8.185 -7.945 -8.122 -8.076 -8.008 -7.119 -6.404 -6.686 -7.315 -6.542 -7.096 -7.223 -7.171 -7.788 -8.210 -8.127 -8.017 -7.899 -7.940 -8.033 -8.048
-6.089 -6.300 -6.472 -6.535 -6.995 -7.245 -7.483 -7.594 -7.763 -7.981 -8.140 -8.072 -8.352 -8.365 -8.598 -8.763 -8.976 -8.746 -8.704 -8.799 -8.797 -8.809 -8.688 -8.530 -8.680 -8.772 -8.724 -8.648 -8.650 -8.599 -8.523 -8.492 -8.507 -8.493 -8.371 -8.233 -8.238 -8.200 -8.095 -8.087 -8.025 -7.665 -7.961 -7.869 -7.875 -6.890 -5.908 -6.658 -6.123 -7.172 -7.676 -7.331 -7.516 -8.013 -7.945 -8.005 -7.888 -7.829 -7.886 -8.071
-5.903 -5.837 -6.347 -6.678 -6.930 -7.066 -7.338 -7.572 -7.705 -7.834 -7.979 -7.943 -8.036 -8.323 -8.476 -8.613 -8.652 -8.680 -8.661 -8.643 -8.759 -8.671 -8.645 -8.712 -8.680 -8.399 -8.587 -8.528 -8.485 -8.434 -8.362 -8.329 -8.377 -8.343 -8.259 -8.176 -8.089 -8.056 -7.933 -7.923 -7.959 -7.801 -7.596 -7.760 -7.819 -7.679 -6.248 -5.982 -6.351 -7.175 -7.638 -7.637 -7.666 -7.610 -7.552 -7.828 -7.863 -7.761 -7.898 -7.971
-5.692 -5.753 -6.249 -6.577 -6.659 -7.038 -7.284 -7.482 -7.653 -7.671 -7.856 -7.860 -8.048 -8.243 -8.373 -8.450 -8.444 -8.599 -8.523 -8.624 -8.770 -8.981 -8.722 -8.531 -8.563 -8.387 -8.502 -8.418 -8.364 -8.301 -8.259 -8.201 -8.244 -8.243 -8.182 -8.033 -7.967 -7.962 -7.901 -7.818 -7.806 -7.771 -7.495 -7.232 -7.406 -6.831 -6.040 -6.250 -6.715 -6.857 -7.211 -7.628 -7.752 -7.641 -7.613 -7.684 -7.679 -7.657 -7.754 -7.737
-5.360 -6.063 -6.318 -6.371 -6.714 -7.009 -7.197 -7.408 -7.536 -7.581 -7.787 -7.842 -7.835 -8.109 -8.211 -8.333 -8.388 -8.463 -8.580 -8.464 -8.605 -8.725 -8.786 -8.505 -8.293 -8.247 -8.344 -8.482 -8.276 -8.386 -8.315 -8.204 -8.066 -8.131 -8.161 -8.088 -7.857 -7.818 -7.778 -7.745 -7.658 -7.597 -7.451 -6.438 -6.358 -6.292 -6.145 -6.558 -7.043 -7.026 -7.459 -7.321 -7.695 -7.910 -8.119 -7.773 -7.585 -7.672 -7.663 -7.648
