tests/files/spatial_manager/layers/compound/TA/TA0101201609.asc
ncols	60
nrows	60
xllcorner	390242.99999940
yllcorner	3870256.0000075
cellsize	500.00000000000
NODATA_value	-9999.000000
[rows 0 to 38 of 60, columns 0 to 59 of 60]
-2.513 -2.758 -2.783 -2.673 -2.900 -2.915 -3.151 -3.158 -3.866 -3.275 -3.309 -3.379 -3.461 -3.446 -3.439 -3.492 -3.564 -3.643 -3.725 -3.834 -3.906 -3.957 -4.071 -4.099 -4.076 -4.185 -4.183 -4.184 -4.246 -4.377 -4.567 -4.519 -4.476 -4.505 -4.626 -4.782 -4.824 -4.790 -4.707 -4.809 -9999 -9999 -9999 -9999 -9999 -9999 -9999 -9999 -9999 -9999 -9999 -9999 -9999 -9999 -9999 -9999 -9999 -9999 -9999 -9999
-2.845 -2.825 -2.922 -2.672 -3.079 -3.005 -3.053 -3.380 -3.651 -3.636 -3.717 -3.736 -3.486 -3.528 -3.631 -3.525 -3.633 -3.695 -3.802 -3.969 -4.041 -4.040 -3.996 -4.031 -4.118 -4.351 -4.642 -4.268 -4.250 -4.431 -4.545 -4.510 -4.558 -4.525 -4.605 -4.670 -4.629 -4.652 -4.696 -4.766 -9999 -9999 -9999 -9999 -9999 -9999 -9999 -9999 -9999 -9999 -9999 -9999 -9999 -9999 -9999 -9999 -9999 -9999 -9999 -9999
-2.952 -3.002 -2.991 -3.058 -3.215 -2.896 -3.001 -3.258 -3.398 -3.546 -3.750 -3.931 -3.637 -3.672 -3.651 -3.572 -3.640 -3.760 -3.923 -4.302 -4.454 -4.139 -4.036 -4.053 -4.142 -4.275 -4.530 -4.315 -4.262 -4.415 -4.434 -4.490 -4.543 -4.598 -4.708 -4.664 -4.742 -4.780 -4.737 -4.741 -9999 -9999 -9999 -9999 -9999 -9999 -9999 -9999 -9999 -9999 -9999 -9999 -9999 -9999 -9999 -9999 -9999 -9999 -9999 -9999
-3.165 -3.119 -3.071 -3.658 -3.218 -2.982 -3.022 -3.273 -3.439 -3.540 -3.642 -3.693 -3.729 -3.606 -3.666 -3.642 -3.762 -3.830 -4.055 -4.536 -4.986 -4.396 -4.077 -4.070 -4.152 -4.185 -4.219 -4.244 -4.276 -4.377 -4.420 -4.456 -4.583 -4.669 -4.769 -4.752 -4.764 -4.859 -4.871 -4.808 -9999 -9999 -9999 -9999 -9999 -9999 -9999 -9999 -9999 -9999 -9999 -9999 -9999 -9999 -9999 -9999 -9999 -9999 -9999 -9999
-3.965 -3.538 -3.208 -3.591 -3.253 -3.086 -3.119 -3.174 -3.345 -3.548 -3.622 -3.669 -3.712 -3.901 -3.810 -3.743 -3.723 -3.904 -3.940 -4.300 -4.501 -4.264 -4.049 -4.052 -4.064 -4.127 -4.184 -4.260 -4.337 -4.361 -4.398 -4.507 -4.580 -4.694 -4.775 -4.853 -4.911 -4.921 -4.887 -4.816 -9999 -9999 -9999 -9999 -9999 -9999 -9999 -9999 -9999 -9999 -9999 -9999 -9999 -9999 -9999 -9999 -9999 -9999 -9999 -9999
-4.047 -3.525 -3.540 -3.718 -3.401 -3.182 -3.255 -3.244 -3.270 -3.502 -3.497 -3.563 -3.538 -3.755 -3.706 -3.698 -3.822 -3.765 -3.916 -4.201 -4.207 -4.119 -4.034 -4.041 -4.079 -4.114 -4.164 -4.284 -4.380 -4.390 -4.420 -4.478 -4.552 -4.658 -4.745 -4.932 -4.848 -4.865 -4.895 -4.813 -9999 -9999 -9999 -9999 -9999 -9999 -9999 -9999 -9999 -9999 -9999 -9999 -9999 -9999 -9999 -9999 -9999 -9999 -9999 -9999
-4.348 -4.194 -3.984 -3.865 -3.499 -3.266 -3.223 -3.268 -3.412 -3.372 -3.497 -3.501 -3.572 -3.623 -3.671 -3.747 -3.678 -3.758 -3.902 -3.972 -4.091 -4.036 -4.207 -4.104 -4.119 -4.129 -4.175 -4.241 -4.347 -4.380 -4.411 -4.469 -4.527 -4.567 -4.709 -4.729 -4.819 -4.809 -4.866 -4.797 -9999 -9999 -9999 -9999 -9999 -9999 -9999 -9999 -9999 -9999 -9999 -9999 -9999 -9999 -9999 -9999 -9999 -9999 -9999 -9999
-4.828 -4.716 -4.048 -3.631 -3.386 -3.292 -3.253 -3.312 -3.581 -3.434 -3.462 -3.512 -3.558 -3.708 -3.775 -3.634 -3.692 -3.768 -3.899 -3.945 -4.028 -4.108 -4.377 -4.221 -4.238 -4.192 -4.202 -4.242 -4.304 -4.345 -4.378 -4.480 -4.515 -4.565 -4.628 -4.667 -4.674 -4.802 -4.716 -4.771 -9999 -9999 -9999 -9999 -9999 -9999 -9999 -9999 -9999 -9999 -9999 -9999 -9999 -9999 -9999 -9999 -9999 -9999 -9999 -9999
-5.037 -4.808 -4.051 -3.645 -3.374 -3.243 -3.251 -3.279 -3.371 -3.476 -3.478 -3.563 -3.732 -3.829 -3.658 -3.672 -3.712 -3.806 -3.878 -3.962 -3.985 -4.081 -4.190 -4.624 -4.699 -4.313 -4.372 -4.295 -4.327 -4.390 -4.414 -4.474 -4.555 -4.568 -4.632 -4.558 -4.602 -4.661 -4.726 -4.774 -9999 -9999 -9999 -9999 -9999 -9999 -9999 -9999 -9999 -9999 -9999 -9999 -9999 -9999 -9999 -9999 -9999 -9999 -9999 -9999
-4.524 -4.006 -3.847 -3.495 -3.362 -3.223 -3.238 -3.287 -3.351 -3.448 -3.517 -3.664 -3.787 -3.870 -3.781 -3.771 -3.785 -3.774 -3.926 -3.997 -4.047 -4.043 -4.160 -4.459 -4.411 -4.389 -4.434 -4.441 -4.403 -4.376 -4.397 -4.441 -4.555 -4.709 -4.862 -4.896 -4.600 -4.678 -4.725 -4.721 -9999 -9999 -9999 -9999 -9999 -9999 -9999 -9999 -9999 -9999 -9999 -9999 -9999 -9999 -9999 -9999 -9999 -9999 -9999 -9999
-3.986 -3.893 -3.500 -3.258 -3.226 -3.270 -3.361 -3.315 -3.361 -3.468 -3.570 -3.681 -3.799 -3.813 -4.370 -4.041 -3.834 -3.805 -3.907 -4.011 -4.091 -4.002 -4.194 -4.313 -4.355 -4.384 -4.414 -4.430 -4.421 -4.457 -4.326 -4.448 -4.608 -4.717 -4.834 -4.882 -4.680 -4.672 -4.725 -4.752 -9999 -9999 -9999 -9999 -9999 -9999 -9999 -9999 -9999 -9999 -9999 -9999 -9999 -9999 -9999 -9999 -9999 -9999 -9999 -9999
-3.509 -3.494 -3.413 -3.213 -3.117 -3.108 -3.265 -3.416 -3.477 -3.510 -3.653 -3.732 -3.613 -3.747 -3.959 -3.979 -4.057 -3.999 -3.884 -3.962 -3.985 -4.059 -4.023 -4.242 -4.317 -4.353 -4.440 -4.460 -4.474 -4.463 -4.325 -4.381 -4.606 -4.729 -4.793 -4.778 -4.617 -4.646 -4.685 -4.726 -9999 -9999 -9999 -9999 -9999 -9999 -9999 -9999 -9999 -9999 -9999 -9999 -9999 -9999 -9999 -9999 -9999 -9999 -9999 -9999
-3.200 -3.142 -3.233 -3.181 -3.051 -3.059 -3.183 -3.314 -3.509 -3.550 -3.619 -3.732 -3.614 -3.718 -3.864 -4.002 -4.029 -4.072 -4.110 -4.034 -4.075 -4.007 -4.040 -4.022 -4.273 -4.327 -4.334 -4.421 -4.430 -4.313 -4.325 -4.354 -4.530 -4.672 -4.677 -4.767 -4.744 -4.658 -4.695 -4.741 -9999 -9999 -9999 -9999 -9999 -9999 -9999 -9999 -9999 -9999 -9999 -9999 -9999 -9999 -9999 -9999 -9999 -9999 -9999 -9999
-2.844 -2.917 -3.037 -3.030 -2.986 -2.969 -3.066 -3.289 -3.336 -3.482 -3.629 -3.537 -3.641 -3.746 -4.067 -4.076 -4.120 -4.146 -4.148 -4.139 -4.009 -4.150 -4.082 -4.147 -4.056 -4.305 -4.337 -4.347 -4.231 -4.248 -4.301 -4.357 -4.507 -4.580 -4.635 -4.672 -4.655 -4.665 -4.703 -4.751 -9999 -9999 -9999 -9999 -9999 -9999 -9999 -9999 -9999 -9999 -9999 -9999 -9999 -9999 -9999 -9999 -9999 -9999 -9999 -9999
-2.650 -2.736 -2.767 -2.884 -2.863 -2.971 -2.976 -3.119 -3.196 -3.400 -3.373 -3.468 -3.573 -3.734 -3.915 -4.039 -4.002 -4.067 -4.124 -4.216 -4.265 -4.227 -4.235 -4.205 -4.146 -4.146 -4.177 -4.171 -4.217 -4.259 -4.305 -4.366 -4.494 -4.566 -4.726 -4.802 -4.730 -4.708 -4.710 -4.774 -9999 -9999 -9999 -9999 -9999 -9999 -9999 -9999 -9999 -9999 -9999 -9999 -9999 -9999 -9999 -9999 -9999 -9999 -9999 -9999
-2.568 -2.562 -2.611 -2.750 -2.746 -2.865 -2.986 -3.120 -3.180 -3.249 -3.519 -3.550 -3.632 -3.691 -3.862 -3.916 -4.034 -4.122 -4.187 -4.221 -4.102 -4.221 -4.184 -4.162 -4.186 -4.165 -4.219 -4.219 -4.228 -4.277 -4.333 -4.358 -4.469 -4.570 -4.846 -5.010 -5.191 -4.792 -4.719 -4.784 -9999 -9999 -9999 -9999 -9999 -9999 -9999 -9999 -9999 -9999 -9999 -9999 -9999 -9999 -9999 -9999 -9999 -9999 -9999 -9999
-2.187 -2.403 -2.588 -2.831 -2.955 -2.983 -3.099 -3.231 -3.211 -3.260 -3.637 -3.723 -3.887 -3.785 -3.799 -3.927 -4.208 -4.084 -4.473 -4.107 -4.119 -4.082 -4.106 -4.147 -4.223 -4.286 -4.235 -4.227 -4.223 -4.292 -4.380 -4.364 -4.476 -4.578 -4.810 -4.865 -5.347 -4.862 -4.737 -4.794 -9999 -9999 -9999 -9999 -9999 -9999 -9999 -9999 -9999 -9999 -9999 -9999 -9999 -9999 -9999 -9999 -9999 -9999 -9999 -9999
-2.396 -2.537 -2.715 -2.927 -3.454 -3.585 -3.241 -3.293 -3.364 -3.397 -3.367 -3.611 -3.709 -3.791 -3.794 -3.913 -4.093 -4.197 -4.167 -4.105 -4.112 -4.173 -4.125 -4.176 -4.157 -4.446 -4.218 -4.235 -4.237 -4.323 -4.395 -4.380 -4.471 -4.590 -4.726 -4.805 -4.955 -4.797 -4.736 -4.810 -9999 -9999 -9999 -9999 -9999 -9999 -9999 -9999 -9999 -9999 -9999 -9999 -9999 -9999 -9999 -9999 -9999 -9999 -9999 -9999
-2.492 -2.562 -2.644 -2.972 -3.293 -3.210 -3.193 -3.428 -3.374 -3.429 -3.451 -3.556 -3.710 -3.780 -3.794 -3.893 -4.082 -4.221 -4.199 -4.223 -4.137 -4.141 -4.082 -4.156 -4.215 -4.180 -4.311 -4.224 -4.232 -4.279 -4.329 -4.392 -4.422 -4.580 -4.699 -4.763 -4.780 -4.760 -4.737 -4.813 -9999 -9999 -9999 -9999 -9999 -9999 -9999 -9999 -9999 -9999 -9999 -9999 -9999 -9999 -9999 -9999 -9999 -9999 -9999 -9999
-2.484 -2.731 -2.906 -3.045 -3.013 -3.104 -3.219 -3.339 -3.325 -3.423 -3.468 -3.629 -3.665 -3.794 -3.888 -3.879 -4.008 -4.061 -4.024 -4.091 -4.047 -4.196 -4.129 -4.133 -4.158 -4.237 -4.281 -4.234 -4.299 -4.319 -4.347 -4.358 -4.365 -4.577 -4.691 -4.748 -4.787 -4.812 -4.811 -4.816 -9999 -9999 -9999 -9999 -9999 -9999 -9999 -9999 -9999 -9999 -9999 -9999 -9999 -9999 -9999 -9999 -9999 -9999 -9999 -9999
-2.464 -2.826 -2.910 -3.191 -3.149 -3.118 -3.295 -3.494 -3.532 -3.571 -3.566 -3.688 -3.730 -3.829 -3.905 -3.991 -3.970 -4.029 -4.041 -4.045 -4.177 -4.147 -4.244 -4.163 -4.187 -4.160 -4.139 -4.241 -4.304 -4.345 -4.362 -4.404 -4.452 -4.479 -4.675 -4.728 -4.773 -4.815 -4.823 -4.809 -4.824 -4.859 -4.909 -4.940 -4.990 -5.043 -5.079 -5.112 -5.149 -5.182 -5.214 -5.223 -5.198 -5.268 -9999 -9999 -9999 -9999 -5.677 -5.753
-2.401 -2.515 -2.762 -3.019 -3.311 -3.066 -3.269 -3.549 -3.520 -3.574 -3.655 -3.731 -3.768 -3.808 -3.863 -3.977 -4.066 -4.070 -3.998 -4.203 -4.217 -4.374 -4.438 -4.319 -4.174 -4.184 -4.124 -4.162 -4.265 -4.263 -4.339 -4.374 -4.421 -4.353 -4.613 -4.682 -4.737 -4.771 -4.813 -4.803 -4.803 -4.839 -4.889 -4.914 -4.979 -5.027 -5.071 -5.102 -5.097 -5.133 -5.198 -5.195 -5.206 -5.314 -5.652 -5.772 -5.518 -5.541 -5.523 -5.855
-2.388 -2.546 -2.371 -2.638 -2.885 -3.121 -3.398 -3.587 -3.915 -3.854 -3.776 -3.788 -3.969 -4.111 -3.934 -3.920 -3.996 -4.135 -4.185 -4.187 -4.166 -4.274 -4.218 -4.208 -4.177 -4.173 -4.176 -4.190 -4.229 -4.270 -4.299 -4.302 -4.364 -4.121 -4.591 -4.629 -4.629 -4.681 -4.771 -4.773 -4.816 -4.804 -4.844 -4.892 -4.940 -4.988 -5.031 -5.038 -5.075 -5.128 -5.128 -5.165 -5.211 -5.293 -5.682 -5.901 -5.646 -5.668 -5.770 -5.665
-2.292 -2.127 -2.455 -2.651 -2.855 -3.107 -3.374 -3.544 -3.803 -3.969 -3.874 -3.841 -4.074 -4.715 -4.100 -3.964 -3.978 -4.059 -4.110 -4.214 -4.116 -4.027 -4.042 -4.039 -4.109 -4.163 -4.158 -4.201 -4.255 -4.294 -4.356 -4.332 -4.336 -4.418 -4.468 -4.047 -4.597 -4.547 -4.634 -4.197 -4.634 -4.771 -4.817 -4.892 -4.920 -4.959 -5.021 -5.060 -5.081 -5.112 -5.104 -5.162 -5.249 -5.295 -5.485 -5.676 -5.667 -5.694 -5.668 -5.767
-2.111 -2.084 -2.314 -2.657 -2.939 -3.158 -3.378 -3.491 -3.636 -3.847 -3.775 -3.892 -4.020 -4.445 -4.260 -4.045 -4.003 -4.067 -4.151 -4.225 -4.018 -4.030 -4.041 -4.150 -4.179 -4.147 -4.170 -4.299 -4.345 -4.298 -4.344 -4.400 -4.441 -4.477 -4.474 -4.376 -3.884 -3.955 -4.274 -4.661 -4.738 -4.812 -4.791 -4.878 -4.919 -4.962 -5.020 -5.057 -5.086 -5.117 -5.093 -5.184 -5.233 -5.252 -5.434 -5.504 -5.573 -5.665 -5.560 -5.703
-1.892 -2.052 -2.308 -2.614 -2.952 -3.148 -3.362 -3.468 -3.605 -3.639 -3.827 -3.832 -3.941 -4.219 -4.269 -4.132 -4.202 -4.008 -4.145 -4.129 -4.138 -4.032 -4.150 -4.178 -4.296 -4.214 -4.201 -4.342 -4.424 -4.333 -4.356 -4.399 -4.470 -4.428 -4.433 -4.508 -4.547 -4.472 -3.772 -3.739 -4.509 -4.770 -4.994 -4.909 -4.913 -4.958 -4.992 -5.032 -5.087 -5.112 -5.088 -5.177 -5.201 -5.233 -5.402 -5.412 -5.515 -5.518 -5.627 -5.737
-1.929 -2.199 -2.304 -2.539 -2.864 -2.957 -3.237 -3.371 -3.553 -3.584 -3.685 -3.735 -4.097 -4.213 -4.353 -4.496 -4.507 -4.210 -4.153 -4.255 -4.068 -4.166 -4.270 -4.355 -4.688 -4.406 -4.296 -4.277 -4.498 -4.625 -4.475 -4.498 -4.437 -4.432 -4.581 -4.482 -4.509 -4.575 -4.656 -3.955 -4.224 -4.462 -4.652 -4.847 -4.944 -4.995 -5.055 -5.102 -5.070 -5.049 -5.074 -5.164 -5.126 -5.319 -5.355 -5.445 -5.433 -5.613 -5.498 -5.607
-2.050 -2.176 -2.366 -2.552 -2.743 -2.723 -3.136 -2.976 -3.137 -3.494 -3.645 -3.811 -3.848 -3.941 -4.203 -4.319 -4.337 -4.467 -4.357 -4.399 -4.321 -4.226 -4.327 -4.427 -4.457 -4.396 -4.297 -4.362 -4.584 -4.592 -4.569 -4.440 -4.452 -4.457 -4.480 -4.481 -4.523 -4.552 -4.360 -4.127 -3.814 -4.612 -4.365 -4.820 -4.851 -4.805 -4.901 -4.980 -4.603 -5.054 -5.100 -5.137 -5.045 -5.233 -5.263 -5.270 -5.377 -5.590 -5.668 -5.577
-1.904 -2.042 -2.253 -2.464 -2.701 -2.694 -2.958 -3.055 -3.301 -3.555 -3.660 -3.551 -3.785 -4.066 -4.338 -4.363 -4.427 -4.376 -4.327 -4.351 -4.385 -4.341 -4.443 -4.445 -4.380 -4.473 -4.402 -4.434 -4.593 -4.638 -4.607 -4.516 -4.484 -4.510 -4.532 -4.582 -4.618 -4.716 -4.688 -4.014 -3.824 -3.420 -4.107 -4.726 -4.742 -4.716 -4.777 -4.815 -4.052 -4.926 -4.994 -5.056 -5.117 -5.426 -5.365 -5.399 -5.315 -5.435 -5.679 -5.754
-1.834 -2.062 -2.252 -2.478 -2.678 -2.638 -2.857 -2.961 -3.198 -3.541 -3.438 -3.505 -3.636 -3.992 -4.280 -4.288 -4.401 -4.511 -4.443 -4.367 -4.114 -4.456 -4.490 -4.616 -4.730 -4.538 -4.523 -4.447 -4.535 -4.739 -4.836 -4.702 -4.615 -4.698 -4.688 -4.699 -4.738 -4.662 -4.738 -4.706 -4.683 -3.974 -3.251 -4.024 -4.599 -4.518 -4.193 -4.299 -4.342 -4.809 -4.919 -4.957 -5.057 -5.314 -5.338 -5.453 -5.528 -5.449 -5.516 -5.779
-1.880 -2.102 -2.254 -2.457 -2.626 -2.590 -2.933 -3.091 -3.282 -3.479 -3.497 -3.625 -3.666 -4.176 -4.239 -4.289 -4.163 -4.128 -4.488 -4.052 -4.014 -4.212 -4.459 -4.553 -4.784 -4.628 -4.563 -4.610 -4.846 -4.612 -4.869 -4.710 -4.696 -4.692 -4.721 -4.713 -4.760 -4.757 -4.651 -4.726 -4.707 -4.628 -4.211 -3.250 -3.514 -3.423 -3.850 -4.316 -4.807 -4.808 -4.875 -4.681 -4.824 -4.933 -5.328 -5.408 -5.528 -5.585 -5.556 -5.652
-1.609 -2.073 -2.222 -2.374 -2.551 -2.548 -2.799 -2.986 -3.284 -3.200 -3.495 -3.692 -4.045 -4.190 -4.277 -4.432 -4.506 -4.182 -4.227 -4.095 -4.138 -4.036 -4.328 -4.499 -4.518 -4.644 -4.598 -4.594 -4.814 -4.514 -4.594 -4.667 -4.709 -4.691 -4.702 -4.720 -4.761 -4.707 -4.613 -4.613 -4.730 -4.646 -4.567 -3.767 -3.193 -4.448 -4.561 -4.642 -4.755 -4.798 -4.716 -4.346 -4.891 -5.245 -5.362 -5.418 -5.520 -5.559 -5.674 -5.590
-1.858 -2.061 -2.197 -2.355 -2.559 -2.535 -2.826 -2.986 -3.021 -3.145 -3.498 -3.744 -3.719 -4.093 -4.174 -4.297 -4.422 -4.478 -4.345 -4.378 -4.031 -4.026 -4.239 -4.475 -4.479 -4.425 -4.473 -4.481 -4.447 -4.425 -4.465 -4.598 -4.609 -4.666 -4.689 -4.659 -4.684 -4.535 -4.585 -4.623 -4.571 -4.604 -4.635 -4.269 -3.061 -4.108 -4.747 -4.641 -4.718 -4.136 -3.735 -4.190 -4.887 -5.444 -5.175 -5.359 -5.460 -5.439 -5.654 -5.685
-1.899 -2.061 -2.186 -2.342 -2.463 -2.500 -2.665 -2.976 -3.114 -3.284 -3.430 -3.616 -3.634 -3.758 -4.072 -4.243 -4.348 -4.178 -4.277 -4.348 -4.167 -4.105 -4.103 -4.334 -4.440 -4.419 -4.336 -4.369 -4.400 -4.382 -4.408 -4.494 -4.545 -4.694 -4.674 -4.599 -4.509 -4.452 -4.503 -4.398 -4.397 -4.667 -4.686 -4.480 -3.517 -3.365 -4.397 -4.693 -4.321 -3.435 -4.404 -4.783 -4.896 -5.475 -5.291 -5.212 -5.326 -5.371 -5.482 -5.556
-1.796 -1.945 -1.985 -2.225 -2.414 -2.525 -2.810 -2.956 -3.065 -3.203 -3.418 -3.493 -3.618 -3.734 -3.902 -4.120 -4.005 -4.006 -4.018 -4.068 -4.047 -4.253 -4.006 -4.078 -4.351 -4.441 -4.303 -4.373 -4.443 -4.348 -4.391 -4.410 -4.595 -4.614 -4.475 -4.570 -4.460 -4.476 -4.442 -4.576 -4.401 -4.642 -4.660 -4.655 -3.827 -3.172 -3.513 -4.200 -3.482 -4.090 -4.270 -4.269 -4.935 -5.404 -5.365 -5.298 -5.220 -5.299 -5.429 -5.477
-1.716 -1.871 -1.990 -2.003 -2.416 -2.623 -2.823 -2.899 -3.040 -3.234 -3.376 -3.295 -3.569 -3.580 -3.818 -3.993 -4.221 -4.012 -3.995 -4.120 -4.152 -4.203 -4.124 -4.011 -4.209 -4.353 -4.358 -4.338 -4.397 -4.406 -4.391 -4.422 -4.500 -4.549 -4.492 -4.418 -4.488 -4.515 -4.475 -4.531 -4.533 -4.235 -4.594 -4.563 -4.629 -3.703 -2.779 -3.584 -3.104 -4.206 -4.761 -4.465 -4.697 -5.239 -5.215 -5.316 -5.238 -5.216 -5.307 -5.524
-1.564 -1.444 -1.901 -2.183 -2.389 -2.483 -2.718 -2.919 -3.026 -3.132 -3.261 -3.213 -3.301 -3.588 -3.747 -3.895 -3.951 -4.000 -4.007 -4.020 -4.171 -4.122 -4.138 -4.251 -4.268 -4.038 -4.279 -4.276 -4.291 -4.299 -4.288 -4.317 -4.427 -4.456 -4.436 -4.417 -4.394 -4.425 -4.365 -4.419 -4.517 -4.421 -4.277 -4.501 -4.619 -4.536 -3.161 -2.950 -3.373 -4.247 -4.760 -4.806 -4.881 -4.869 -4.853 -5.168 -5.240 -5.173 -5.343 -5.447
-1.388 -1.395 -1.840 -2.120 -2.157 -2.496 -2.705 -2.872 -3.017 -3.014 -3.184 -3.177 -3.362 -3.558 -3.694 -3.784 -3.795 -3.973 -3.924 -4.057 -4.238 -4.488 -4.273 -4.128 -4.209 -4.085 -4.254 -4.226 -4.229 -4.225 -4.243 -4.247 -4.352 -4.413 -4.416 -4.329 -4.327 -4.384 -4.387 -4.366 -4.415 -4.440 -4.224 -4.020 -4.251 -3.732 -2.997 -3.260 -3.776 -3.968 -4.369 -4.832 -5.001 -4.932 -4.944 -5.053 -5.084 -5.095 -5.225 -5.237
-1.090 -1.741 -1.946 -1.951 -2.251 -2.507 -2.659 -2.841 -2.944 -2.968 -3.160 -3.207 -3.197 -3.474 -3.584 -3.719 -3.793 -3.891 -4.036 -3.953 -4.131 -4.290 -4.395 -4.160 -3.998 -4.003 -4.154 -4.348 -4.200 -4.369 -4.357 -4.307 -4.231 -4.358 -4.450 -4.439 -4.271 -4.294 -4.316 -4.344 -4.317 -4.315 -4.228 -3.273 -3.249 -3.237 -3.143 -3.608 -4.143 -4.174 -4.654 -4.561 -4.977 -5.233 -5.481 -5.171 -5.018 -5.137 -5.159 -5.172
