tests/files/spatial_manager/layers/compound/TA/TA0101201605.asc
ncols	60
nrows	60
xllcorner	390242.99999940
yllcorner	3870256.0000075
cellsize	500.00000000000
NODATA_value	-9999.000000
[rows 0 to 38 of 60, columns 0 to 59 of 60]
-7.103 -7.334 -7.343 -7.216 -7.426 -7.423 -7.638 -7.625 -8.311 -7.698 -7.708 -7.755 -7.812 -7.771 -7.738 -7.764 -7.808 -7.859 -7.913 -7.992 -8.036 -8.057 -8.140 -8.138 -8.084 -8.162 -8.129 -8.098 -8.128 -8.228 -8.386 -8.307 -8.232 -8.229 -8.318 -8.441 -8.452 -8.386 -8.271 -8.340 -9999 -9999 -9999 -9999 -9999 -9999 -9999 -9999 -9999 -9999 -9999 -9999 -9999 -9999 -9999 -9999 -9999 -9999 -9999 -9999
-7.425 -7.391 -7.472 -7.205 -7.595 -7.502 -7.530 -7.836 -8.085 -8.048 -8.105 -8.100 -7.825 -7.841 -7.918 -7.784 -7.864 -7.898 -7.977 -8.115 -8.157 -8.126 -8.052 -8.056 -8.112 -8.313 -8.574 -8.168 -8.118 -8.268 -8.350 -8.283 -8.299 -8.235 -8.282 -8.315 -8.243 -8.233 -8.245 -8.283 -9999 -9999 -9999 -9999 -9999 -9999 -9999 -9999 -9999 -9999 -9999 -9999 -9999 -9999 -9999 -9999 -9999 -9999 -9999 -9999
-7.523 -7.558 -7.531 -7.581 -7.720 -7.382 -7.467 -7.703 -7.821 -7.946 -8.127 -8.283 -7.964 -7.973 -7.925 -7.819 -7.859 -7.951 -8.084 -8.434 -8.557 -8.211 -8.077 -8.063 -8.122 -8.224 -8.447 -8.201 -8.116 -8.237 -8.224 -8.249 -8.269 -8.293 -8.371 -8.295 -8.341 -8.347 -8.272 -8.244 -9999 -9999 -9999 -9999 -9999 -9999 -9999 -9999 -9999 -9999 -9999 -9999 -9999 -9999 -9999 -9999 -9999 -9999 -9999 -9999
-7.726 -7.665 -7.601 -8.170 -7.712 -7.457 -7.477 -7.707 -7.851 -7.929 -8.007 -8.033 -8.044 -7.894 -7.928 -7.876 -7.968 -8.007 -8.203 -8.654 -9.074 -8.454 -8.104 -8.067 -8.117 -8.119 -8.121 -8.115 -8.115 -8.185 -8.196 -8.200 -8.295 -8.348 -8.417 -8.368 -8.348 -8.412 -8.392 -8.297 -9999 -9999 -9999 -9999 -9999 -9999 -9999 -9999 -9999 -9999 -9999 -9999 -9999 -9999 -9999 -9999 -9999 -9999 -9999 -9999
-8.516 -8.074 -7.728 -8.094 -7.737 -7.551 -7.564 -7.597 -7.745 -7.925 -7.975 -7.998 -8.015 -8.178 -8.059 -7.964 -7.916 -8.068 -8.075 -8.405 -8.575 -8.308 -8.062 -8.034 -8.015 -8.046 -8.072 -8.117 -8.162 -8.154 -8.159 -8.236 -8.277 -8.360 -8.408 -8.454 -8.481 -8.459 -8.393 -8.291 -9999 -9999 -9999 -9999 -9999 -9999 -9999 -9999 -9999 -9999 -9999 -9999 -9999 -9999 -9999 -9999 -9999 -9999 -9999 -9999
-8.588 -8.051 -8.049 -8.210 -7.875 -7.635 -7.688 -7.655 -7.659 -7.868 -7.838 -7.879 -7.828 -8.018 -7.942 -7.907 -8.001 -7.916 -8.037 -8.292 -8.268 -8.149 -8.033 -8.009 -8.015 -8.019 -8.038 -8.126 -8.190 -8.168 -8.166 -8.192 -8.235 -8.309 -8.363 -8.519 -8.403 -8.389 -8.387 -8.274 -9999 -9999 -9999 -9999 -9999 -9999 -9999 -9999 -9999 -9999 -9999 -9999 -9999 -9999 -9999 -9999 -9999 -9999 -9999 -9999
-8.879 -8.710 -8.483 -8.346 -7.962 -7.709 -7.645 -7.668 -7.789 -7.726 -7.827 -7.805 -7.850 -7.874 -7.894 -7.942 -7.844 -7.895 -8.009 -8.049 -8.138 -8.052 -8.192 -8.058 -8.042 -8.019 -8.034 -8.068 -8.142 -8.144 -8.142 -8.168 -8.195 -8.203 -8.313 -8.301 -8.360 -8.318 -8.344 -8.244 -9999 -9999 -9999 -9999 -9999 -9999 -9999 -9999 -9999 -9999 -9999 -9999 -9999 -9999 -9999 -9999 -9999 -9999 -9999 -9999
-9.349 -9.222 -8.537 -8.102 -7.838 -7.724 -7.664 -7.701 -7.947 -7.776 -7.779 -7.804 -7.823 -7.946 -7.986 -7.817 -7.845 -7.892 -7.993 -8.008 -8.061 -8.109 -8.348 -8.160 -8.145 -8.068 -8.046 -8.054 -8.084 -8.093 -8.094 -8.164 -8.167 -8.186 -8.217 -8.225 -8.201 -8.298 -8.179 -8.204 -9999 -9999 -9999 -9999 -9999 -9999 -9999 -9999 -9999 -9999 -9999 -9999 -9999 -9999 -9999 -9999 -9999 -9999 -9999 -9999
-9.548 -9.303 -8.530 -8.105 -7.815 -7.664 -7.651 -7.656 -7.725 -7.806 -7.783 -7.842 -7.985 -8.054 -7.855 -7.840 -7.852 -7.916 -7.958 -8.012 -8.003 -8.068 -8.146 -8.548 -8.592 -8.175 -8.201 -8.092 -8.092 -8.123 -8.115 -8.144 -8.193 -8.174 -8.206 -8.101 -8.114 -8.142 -8.176 -8.193 -9999 -9999 -9999 -9999 -9999 -9999 -9999 -9999 -9999 -9999 -9999 -9999 -9999 -9999 -9999 -9999 -9999 -9999 -9999 -9999
-9.025 -8.491 -8.315 -7.944 -7.792 -7.632 -7.626 -7.653 -7.693 -7.767 -7.810 -7.931 -8.027 -8.083 -7.965 -7.927 -7.911 -7.870 -7.992 -8.032 -8.051 -8.016 -8.102 -8.369 -8.289 -8.236 -8.249 -8.224 -8.154 -8.094 -8.083 -8.096 -8.178 -8.301 -8.422 -8.424 -8.098 -8.144 -8.161 -8.126 -9999 -9999 -9999 -9999 -9999 -9999 -9999 -9999 -9999 -9999 -9999 -9999 -9999 -9999 -9999 -9999 -9999 -9999 -9999 -9999
-8.477 -8.367 -7.957 -7.697 -7.646 -7.668 -7.738 -7.669 -7.692 -7.774 -7.851 -7.935 -8.026 -8.012 -8.541 -8.183 -7.946 -7.887 -7.959 -8.032 -8.081 -7.961 -8.121 -8.208 -8.218 -8.215 -8.214 -8.197 -8.156 -8.161 -7.998 -8.088 -8.216 -8.294 -8.380 -8.396 -8.163 -8.125 -8.147 -8.143 -9999 -9999 -9999 -9999 -9999 -9999 -9999 -9999 -9999 -9999 -9999 -9999 -9999 -9999 -9999 -9999 -9999 -9999 -9999 -9999
-7.990 -7.959 -7.860 -7.641 -7.526 -7.495 -7.630 -7.759 -7.796 -7.804 -7.921 -7.973 -7.828 -7.933 -8.116 -8.107 -8.155 -8.067 -7.922 -7.968 -7.961 -8.003 -7.935 -8.122 -8.165 -8.170 -8.224 -8.212 -8.195 -8.152 -7.982 -8.006 -8.200 -8.291 -8.324 -8.277 -8.086 -8.084 -8.093 -8.103 -9999 -9999 -9999 -9999 -9999 -9999 -9999 -9999 -9999 -9999 -9999 -9999 -9999 -9999 -9999 -9999 -9999 -9999 -9999 -9999
-7.671 -7.596 -7.669 -7.598 -7.448 -7.435 -7.537 -7.644 -7.816 -7.832 -7.874 -7.961 -7.816 -7.891 -8.008 -8.116 -8.113 -8.126 -8.134 -8.027 -8.036 -7.936 -7.937 -7.888 -8.106 -8.129 -8.104 -8.159 -8.135 -7.987 -7.967 -7.965 -8.109 -8.220 -8.193 -8.252 -8.198 -8.082 -8.088 -8.105 -9999 -9999 -9999 -9999 -9999 -9999 -9999 -9999 -9999 -9999 -9999 -9999 -9999 -9999 -9999 -9999 -9999 -9999 -9999 -9999
-7.304 -7.361 -7.462 -7.436 -7.372 -7.334 -7.408 -7.608 -7.630 -7.751 -7.871 -7.753 -7.829 -7.906 -8.198 -8.177 -8.191 -8.186 -8.157 -8.117 -7.955 -8.064 -7.964 -7.997 -7.874 -8.092 -8.092 -8.070 -7.921 -7.907 -7.928 -7.953 -8.071 -8.113 -8.137 -8.143 -8.095 -8.075 -8.083 -8.101 -9999 -9999 -9999 -9999 -9999 -9999 -9999 -9999 -9999 -9999 -9999 -9999 -9999 -9999 -9999 -9999 -9999 -9999 -9999 -9999
-7.100 -7.169 -7.182 -7.279 -7.238 -7.324 -7.306 -7.426 -7.479 -7.656 -7.603 -7.671 -7.748 -7.880 -8.032 -8.126 -8.058 -8.093 -8.118 -8.180 -8.197 -8.126 -8.103 -8.040 -7.949 -7.917 -7.916 -7.878 -7.893 -7.903 -7.917 -7.947 -8.043 -8.085 -8.213 -8.258 -8.156 -8.104 -8.075 -8.110 -9999 -9999 -9999 -9999 -9999 -9999 -9999 -9999 -9999 -9999 -9999 -9999 -9999 -9999 -9999 -9999 -9999 -9999 -9999 -9999
-7.008 -6.984 -7.015 -7.134 -7.110 -7.206 -7.304 -7.414 -7.450 -7.493 -7.736 -7.739 -7.794 -7.824 -7.966 -7.989 -8.077 -8.133 -8.167 -8.170 -8.018 -8.106 -8.036 -7.983 -7.974 -7.921 -7.943 -7.911 -7.889 -7.905 -7.930 -7.924 -8.003 -8.073 -8.319 -8.452 -8.602 -8.174 -8.071 -8.106 -9999 -9999 -9999 -9999 -9999 -9999 -9999 -9999 -9999 -9999 -9999 -9999 -9999 -9999 -9999 -9999 -9999 -9999 -9999 -9999
-6.616 -6.814 -6.981 -7.204 -7.307 -7.313 -7.406 -7.513 -7.468 -7.491 -7.841 -7.900 -8.035 -7.904 -7.889 -7.986 -8.236 -8.081 -8.439 -8.041 -8.021 -7.952 -7.943 -7.953 -7.997 -8.027 -7.944 -7.904 -7.868 -7.905 -7.962 -7.914 -7.995 -8.067 -8.268 -8.293 -8.745 -8.230 -8.075 -8.102 -9999 -9999 -9999 -9999 -9999 -9999 -9999 -9999 -9999 -9999 -9999 -9999 -9999 -9999 -9999 -9999 -9999 -9999 -9999 -9999
-6.815 -6.938 -7.097 -7.288 -7.795 -7.903 -7.535 -7.563 -7.608 -7.615 -7.559 -7.774 -7.843 -7.896 -7.869 -7.958 -8.107 -8.180 -8.118 -8.024 -7.999 -8.028 -7.948 -7.966 -7.915 -8.172 -7.912 -7.897 -7.867 -7.922 -7.962 -7.916 -7.976 -8.064 -8.169 -8.218 -8.338 -8.150 -8.060 -8.105 -9999 -9999 -9999 -9999 -9999 -9999 -9999 -9999 -9999 -9999 -9999 -9999 -9999 -9999 -9999 -9999 -9999 -9999 -9999 -9999
-6.901 -6.952 -7.015 -7.322 -7.622 -7.516 -7.476 -7.686 -7.606 -7.635 -7.629 -7.706 -7.831 -7.871 -7.856 -7.923 -8.082 -8.188 -8.135 -8.127 -8.009 -7.981 -7.890 -7.931 -7.958 -7.891 -7.990 -7.871 -7.847 -7.863 -7.881 -7.913 -7.912 -8.039 -8.128 -8.162 -8.150 -8.099 -8.047 -8.095 -9999 -9999 -9999 -9999 -9999 -9999 -9999 -9999 -9999 -9999 -9999 -9999 -9999 -9999 -9999 -9999 -9999 -9999 -9999 -9999
-6.882 -7.110 -7.266 -7.384 -7.331 -7.398 -7.490 -7.585 -7.545 -7.616 -7.633 -7.766 -7.772 -7.872 -7.935 -7.895 -7.993 -8.015 -7.946 -7.981 -7.904 -8.020 -7.921 -7.893 -7.886 -7.932 -7.944 -7.866 -7.899 -7.887 -7.884 -7.864 -7.841 -8.021 -8.105 -8.132 -8.142 -8.138 -8.107 -8.084 -9999 -9999 -9999 -9999 -9999 -9999 -9999 -9999 -9999 -9999 -9999 -9999 -9999 -9999 -9999 -9999 -9999 -9999 -9999 -9999
-6.851 -7.194 -7.259 -7.519 -7.455 -7.401 -7.553 -7.727 -7.738 -7.751 -7.718 -7.811 -7.824 -7.893 -7.938 -7.993 -7.941 -7.967 -7.947 -7.920 -8.019 -7.956 -8.021 -7.908 -7.899 -7.840 -7.787 -7.858 -7.888 -7.898 -7.884 -7.895 -7.913 -7.909 -8.075 -8.098 -8.114 -8.127 -8.106 -8.063 -8.050 -8.057 -8.079 -8.084 -8.107 -8.133 -8.143 -8.150 -8.162 -8.170 -8.178 -8.163 -8.115 -8.162 -9999 -9999 -9999 -9999 -8.466 -8.523
-6.778 -6.873 -7.100 -7.336 -7.605 -7.337 -7.515 -7.769 -7.714 -7.741 -7.794 -7.841 -7.848 -7.857 -7.881 -7.964 -8.022 -7.994 -7.889 -8.062 -8.044 -8.168 -8.200 -8.048 -7.871 -7.849 -7.756 -7.763 -7.835 -7.801 -7.846 -7.849 -7.866 -7.768 -7.998 -8.037 -8.063 -8.068 -8.082 -8.043 -8.015 -8.024 -8.046 -8.045 -8.084 -8.105 -8.123 -8.129 -8.099 -8.110 -8.152 -8.125 -8.114 -8.198 -8.515 -8.614 -8.338 -8.341 -8.304 -8.617
-6.754 -6.893 -6.698 -6.943 -7.168 -7.380 -7.632 -7.795 -8.096 -8.008 -7.901 -7.884 -8.035 -8.146 -7.939 -7.893 -7.937 -8.043 -8.061 -8.031 -7.978 -8.052 -7.965 -7.921 -7.859 -7.823 -7.793 -7.775 -7.783 -7.792 -7.790 -7.763 -7.795 -7.521 -7.961 -7.970 -7.941 -7.964 -8.026 -8.000 -8.015 -7.976 -7.989 -8.010 -8.032 -8.054 -8.072 -8.054 -8.066 -8.095 -8.072 -8.085 -8.109 -8.168 -8.536 -8.734 -8.459 -8.460 -8.544 -8.420
-6.648 -6.463 -6.770 -6.945 -7.126 -7.353 -7.596 -7.739 -7.971 -8.109 -7.986 -7.923 -8.126 -8.736 -8.089 -7.922 -7.904 -7.953 -7.971 -8.043 -7.912 -7.791 -7.773 -7.737 -7.775 -7.796 -7.760 -7.771 -7.793 -7.802 -7.832 -7.778 -7.751 -7.803 -7.824 -7.374 -7.895 -7.817 -7.875 -7.410 -7.820 -7.930 -7.948 -7.998 -8.000 -8.013 -8.050 -8.064 -8.061 -8.068 -8.037 -8.072 -8.137 -8.161 -8.329 -8.500 -8.471 -8.478 -8.434 -8.514
-6.456 -6.409 -6.619 -6.939 -7.198 -7.393 -7.587 -7.674 -7.791 -7.973 -7.873 -7.960 -8.058 -8.452 -8.235 -7.988 -7.914 -7.945 -7.997 -8.038 -7.799 -7.778 -7.756 -7.833 -7.830 -7.765 -7.756 -7.853 -7.868 -7.790 -7.806 -7.831 -7.842 -7.848 -7.815 -7.688 -7.167 -7.210 -7.501 -7.860 -7.910 -7.958 -7.910 -7.971 -7.986 -8.004 -8.037 -8.049 -8.055 -8.062 -8.016 -8.083 -8.111 -8.108 -8.270 -8.319 -8.368 -8.441 -8.318 -8.444
-6.227 -6.366 -6.601 -6.885 -7.199 -7.370 -7.558 -7.638 -7.747 -7.752 -7.911 -7.886 -7.964 -8.211 -8.229 -8.060 -8.097 -7.871 -7.976 -7.926 -7.903 -7.765 -7.849 -7.845 -7.930 -7.817 -7.772 -7.881 -7.932 -7.809 -7.802 -7.815 -7.856 -7.784 -7.760 -7.806 -7.816 -7.713 -6.985 -6.924 -7.668 -7.902 -8.100 -7.989 -7.968 -7.987 -7.997 -8.014 -8.044 -8.046 -8.000 -8.067 -8.069 -8.080 -8.228 -8.219 -8.303 -8.287 -8.377 -8.470
-6.253 -6.503 -6.586 -6.798 -7.099 -7.167 -7.420 -7.528 -7.682 -7.684 -7.755 -7.775 -8.106 -8.190 -8.298 -8.410 -8.387 -8.058 -7.968 -8.037 -7.817 -7.882 -7.953 -8.006 -8.307 -7.993 -7.851 -7.800 -7.990 -8.086 -7.906 -7.898 -7.807 -7.773 -7.893 -7.765 -7.763 -7.802 -7.855 -7.127 -7.369 -7.581 -7.745 -7.914 -7.986 -8.013 -8.049 -8.071 -8.017 -7.973 -7.975 -8.044 -7.984 -8.157 -8.172 -8.243 -8.211 -8.374 -8.240 -8.332
-6.363 -6.468 -6.637 -6.799 -6.966 -6.920 -7.307 -7.120 -7.252 -7.581 -7.701 -7.837 -7.843 -7.904 -8.134 -8.217 -8.203 -8.300 -8.156 -8.165 -8.055 -7.927 -7.995 -8.062 -8.060 -7.967 -7.836 -7.870 -8.061 -8.038 -7.985 -7.825 -7.807 -7.783 -7.777 -7.749 -7.764 -7.764 -7.545 -7.285 -6.946 -7.717 -7.445 -7.874 -7.881 -7.810 -7.883 -7.938 -7.538 -7.966 -7.990 -8.005 -7.893 -8.061 -8.071 -8.058 -8.147 -8.342 -8.403 -8.295
-6.206 -6.323 -6.512 -6.699 -6.911 -6.879 -7.116 -7.185 -7.403 -7.627 -7.702 -7.562 -7.765 -8.014 -8.254 -8.246 -8.277 -8.193 -8.111 -8.102 -8.103 -8.026 -8.095 -8.064 -7.967 -8.028 -7.926 -7.926 -8.054 -8.068 -8.007 -7.885 -7.824 -7.821 -7.814 -7.835 -7.844 -7.914 -7.859 -7.158 -6.942 -6.512 -7.173 -7.767 -7.759 -7.709 -7.746 -7.761 -6.976 -7.827 -7.874 -7.914 -7.955 -8.243 -8.163 -8.178 -8.076 -8.179 -8.405 -8.464
-6.126 -6.332 -6.499 -6.702 -6.877 -6.811 -7.002 -7.078 -7.286 -7.600 -7.466 -7.502 -7.601 -7.925 -8.181 -8.156 -8.236 -8.312 -8.212 -8.102 -7.816 -8.125 -8.126 -8.219 -8.301 -8.077 -8.030 -7.922 -7.980 -8.153 -8.220 -8.056 -7.939 -7.994 -7.955 -7.938 -7.949 -7.846 -7.894 -7.836 -7.788 -7.052 -6.304 -7.052 -7.603 -7.498 -7.150 -7.233 -7.254 -7.699 -7.787 -7.804 -7.885 -8.122 -8.127 -8.224 -8.280 -8.184 -8.235 -8.482
-6.161 -6.361 -6.490 -6.669 -6.812 -6.750 -7.065 -7.195 -7.356 -7.524 -7.511 -7.607 -7.617 -8.095 -8.124 -8.141 -7.983 -7.914 -8.241 -7.771 -7.700 -7.865 -8.079 -8.140 -8.339 -8.151 -8.054 -8.070 -8.275 -8.011 -8.237 -8.049 -8.005 -7.972 -7.973 -7.937 -7.956 -7.926 -7.793 -7.842 -7.798 -7.692 -7.251 -6.266 -6.505 -6.391 -6.794 -7.238 -7.707 -7.686 -7.732 -7.518 -7.641 -7.731 -8.107 -8.169 -8.272 -8.311 -8.266 -8.346
-5.879 -6.321 -6.446 -6.574 -6.725 -6.695 -6.918 -7.077 -7.346 -7.230 -7.495 -7.660 -7.980 -8.094 -8.147 -8.269 -8.310 -7.952 -7.964 -7.798 -7.807 -7.672 -7.932 -8.071 -8.057 -8.151 -8.073 -8.038 -8.227 -7.897 -7.947 -7.990 -8.002 -7.956 -7.938 -7.929 -7.943 -7.861 -7.741 -7.715 -7.806 -7.697 -7.594 -6.769 -6.171 -7.403 -7.494 -7.552 -7.643 -7.665 -7.562 -7.172 -7.698 -8.033 -8.131 -8.169 -8.254 -8.277 -8.376 -8.277
-6.117 -6.298 -6.410 -6.542 -6.721 -6.669 -6.932 -7.063 -7.068 -7.161 -7.483 -7.697 -7.640 -7.981 -8.029 -8.118 -8.210 -8.232 -8.065 -8.066 -7.685 -7.647 -7.827 -8.030 -8.001 -7.916 -7.932 -7.909 -7.844 -7.791 -7.801 -7.905 -7.887 -7.915 -7.911 -7.853 -7.851 -7.675 -7.698 -7.710 -7.633 -7.641 -7.648 -7.257 -6.027 -7.051 -7.667 -7.539 -7.595 -6.991 -6.570 -7.005 -7.683 -8.221 -7.934 -8.101 -8.185 -8.147 -8.347 -8.363
-6.147 -6.286 -6.387 -6.517 -6.612 -6.621 -6.758 -7.040 -7.147 -7.286 -7.401 -7.554 -7.540 -7.631 -7.911 -8.049 -8.120 -7.916 -7.982 -8.019 -7.804 -7.709 -7.674 -7.873 -7.946 -7.893 -7.778 -7.780 -7.781 -7.732 -7.729 -7.785 -7.807 -7.928 -7.880 -7.777 -7.660 -7.577 -7.601 -7.471 -7.445 -7.690 -7.685 -7.455 -6.469 -6.294 -7.304 -7.578 -7.185 -6.279 -7.228 -7.587 -7.681 -8.242 -8.040 -7.944 -8.042 -8.071 -8.167 -8.225
-6.033 -6.158 -6.174 -6.388 -6.550 -6.633 -6.890 -7.006 -7.085 -7.191 -7.374 -7.416 -7.508 -7.592 -7.726 -7.910 -7.761 -7.728 -7.706 -7.722 -7.668 -7.840 -7.560 -7.600 -7.841 -7.898 -7.729 -7.768 -7.807 -7.682 -7.696 -7.686 -7.841 -7.832 -7.665 -7.733 -7.596 -7.586 -7.526 -7.634 -7.434 -7.651 -7.645 -7.616 -6.765 -6.088 -6.407 -7.073 -6.334 -6.922 -7.082 -7.062 -7.709 -8.160 -8.104 -8.020 -7.926 -7.989 -8.105 -8.139
-5.942 -6.073 -6.167 -6.154 -6.540 -6.718 -6.889 -6.935 -7.045 -7.208 -7.317 -7.204 -7.444 -7.422 -7.626 -7.767 -7.961 -7.718 -7.667 -7.758 -7.756 -7.774 -7.662 -7.516 -7.682 -7.794 -7.767 -7.716 -7.745 -7.723 -7.679 -7.681 -7.730 -7.751 -7.666 -7.565 -7.608 -7.609 -7.543 -7.575 -7.551 -7.230 -7.564 -7.510 -7.554 -6.606 -5.660 -6.444 -5.943 -7.025 -7.561 -7.246 -7.460 -7.984 -7.943 -8.028 -7.934 -7.896 -7.973 -8.176
-5.779 -5.634 -6.066 -6.322 -6.500 -6.566 -6.771 -6.941 -7.016 -7.091 -7.187 -7.106 -7.161 -7.414 -7.539 -7.652 -7.674 -7.689 -7.662 -7.641 -7.759 -7.676 -7.659 -7.739 -7.724 -7.462 -7.672 -7.638 -7.622 -7.601 -7.559 -7.560 -7.641 -7.642 -7.595 -7.548 -7.499 -7.504 -7.419 -7.447 -7.521 -7.402 -7.233 -7.434 -7.530 -7.426 -6.029 -5.797 -6.199 -7.054 -7.548 -7.576 -7.633 -7.603 -7.570 -7.870 -7.926 -7.844 -8.000 -8.090
-5.592 -5.574 -5.993 -6.246 -6.255 -6.565 -6.744 -6.880 -6.994 -6.958 -7.095 -7.055 -7.206 -7.368 -7.470 -7.526 -7.502 -7.645 -7.562 -7.661 -7.809 -8.025 -7.777 -7.599 -7.648 -7.492 -7.629 -7.570 -7.543 -7.509 -7.498 -7.473 -7.549 -7.583 -7.558 -7.445 -7.416 -7.448 -7.425 -7.379 -7.404 -7.406 -7.166 -6.939 -7.148 -6.608 -5.851 -6.094 -6.590 -6.762 -7.145 -7.590 -7.740 -7.655 -7.651 -7.744 -7.759 -7.756 -7.872 -7.871
-5.283 -5.908 -6.087 -6.065 -6.336 -6.562 -6.684 -6.835 -6.906 -6.898 -7.056 -7.069 -7.025 -7.267 -7.343 -7.444 -7.483 -7.547 -7.657 -7.540 -7.684 -7.810 -7.882 -7.614 -7.420 -7.393 -7.512 -7.676 -7.497 -7.636 -7.595 -7.516 -7.412 -7.511 -7.576 -7.539 -7.345 -7.342 -7.338 -7.342 -7.291 -7.265 -7.156 -6.178 -6.132 -6.099 -5.984 -6.429 -6.944 -6.956 -7.417 -7.306 -7.705 -7.945 -8.176 -7.851 -7.682 -7.788 -7.796 -7.795
