tests/files/spatial_manager/layers/compound/TA/TA0101201606.asc
ncols	60
nrows	60
xllcorner	390242.99999940
yllcorner	3870256.0000075
cellsize	500.00000000000
NODATA_value	-9999.000000
[rows 0 to 38 of 60, columns 0 to 59 of 60]
-7.275 -7.493 -7.491 -7.352 -7.550 -7.535 -7.740 -7.716 -8.392 -7.768 -7.768 -7.805 -7.853 -7.803 -7.760 -7.778 -7.814 -7.856 -7.902 -7.974 -8.010 -8.024 -8.100 -8.091 -8.030 -8.102 -8.063 -8.026 -8.051 -8.145 -8.297 -8.213 -8.133 -8.125 -8.210 -8.329 -8.335 -8.266 -8.147 -8.213 -9999 -9999 -9999 -9999 -9999 -9999 -9999 -9999 -9999 -9999 -9999 -9999 -9999 -9999 -9999 -9999 -9999 -9999 -9999 -9999
-7.601 -7.554 -7.623 -7.344 -7.722 -7.617 -7.634 -7.929 -8.167 -8.119 -8.166 -8.152 -7.867 -7.873 -7.941 -7.798 -7.870 -7.895 -7.966 -8.096 -8.130 -8.092 -8.010 -8.007 -8.057 -8.252 -8.506 -8.095 -8.038 -8.182 -8.259 -8.188 -8.198 -8.129 -8.172 -8.201 -8.124 -8.110 -8.119 -8.154 -9999 -9999 -9999 -9999 -9999 -9999 -9999 -9999 -9999 -9999 -9999 -9999 -9999 -9999 -9999 -9999 -9999 -9999 -9999 -9999
-7.702 -7.724 -7.685 -7.723 -7.850 -7.500 -7.573 -7.798 -7.905 -8.019 -8.189 -8.336 -8.006 -8.006 -7.948 -7.833 -7.864 -7.947 -8.073 -8.414 -8.529 -8.176 -8.035 -8.014 -8.065 -8.161 -8.378 -8.125 -8.035 -8.150 -8.131 -8.150 -8.166 -8.185 -8.258 -8.178 -8.220 -8.223 -8.144 -8.112 -9999 -9999 -9999 -9999 -9999 -9999 -9999 -9999 -9999 -9999 -9999 -9999 -9999 -9999 -9999 -9999 -9999 -9999 -9999 -9999
-7.909 -7.835 -7.759 -8.315 -7.845 -7.578 -7.586 -7.804 -7.936 -8.004 -8.070 -8.087 -8.087 -7.928 -7.952 -7.891 -7.973 -8.003 -8.191 -8.634 -9.046 -8.418 -8.061 -8.016 -8.059 -8.054 -8.050 -8.037 -8.032 -8.095 -8.101 -8.099 -8.189 -8.238 -8.302 -8.249 -8.225 -8.285 -8.261 -8.163 -9999 -9999 -9999 -9999 -9999 -9999 -9999 -9999 -9999 -9999 -9999 -9999 -9999 -9999 -9999 -9999 -9999 -9999 -9999 -9999
-8.702 -8.248 -7.888 -8.241 -7.872 -7.674 -7.675 -7.696 -7.833 -8.001 -8.040 -8.052 -8.059 -8.211 -8.083 -7.979 -7.921 -8.064 -8.062 -8.384 -8.546 -8.271 -8.017 -7.982 -7.956 -7.980 -7.999 -8.037 -8.076 -8.062 -8.062 -8.133 -8.169 -8.247 -8.291 -8.332 -8.355 -8.330 -8.260 -8.155 -9999 -9999 -9999 -9999 -9999 -9999 -9999 -9999 -9999 -9999 -9999 -9999 -9999 -9999 -9999 -9999 -9999 -9999 -9999 -9999
-8.778 -8.228 -8.213 -8.360 -8.012 -7.761 -7.801 -7.756 -7.748 -7.945 -7.905 -7.935 -7.872 -8.053 -7.966 -7.921 -8.006 -7.911 -8.024 -8.270 -8.238 -8.110 -7.987 -7.955 -7.954 -7.951 -7.963 -8.044 -8.102 -8.075 -8.067 -8.087 -8.125 -8.194 -8.244 -8.395 -8.275 -8.257 -8.252 -8.135 -9999 -9999 -9999 -9999 -9999 -9999 -9999 -9999 -9999 -9999 -9999 -9999 -9999 -9999 -9999 -9999 -9999 -9999 -9999 -9999
-9.073 -8.890 -8.650 -8.500 -8.103 -7.837 -7.760 -7.771 -7.880 -7.805 -7.894 -7.861 -7.895 -7.909 -7.918 -7.956 -7.849 -7.890 -7.995 -8.026 -8.107 -8.012 -8.144 -8.002 -7.979 -7.949 -7.957 -7.985 -8.052 -8.048 -8.041 -8.061 -8.082 -8.086 -8.191 -8.175 -8.230 -8.184 -8.207 -8.104 -9999 -9999 -9999 -9999 -9999 -9999 -9999 -9999 -9999 -9999 -9999 -9999 -9999 -9999 -9999 -9999 -9999 -9999 -9999 -9999
-9.546 -9.406 -8.707 -8.259 -7.981 -7.854 -7.781 -7.806 -8.040 -7.857 -7.848 -7.861 -7.869 -7.981 -8.010 -7.831 -7.849 -7.886 -7.978 -7.984 -8.028 -8.068 -8.299 -8.103 -8.081 -7.996 -7.967 -7.969 -7.992 -7.995 -7.990 -8.055 -8.053 -8.066 -8.093 -8.097 -8.068 -8.161 -8.040 -8.061 -9999 -9999 -9999 -9999 -9999 -9999 -9999 -9999 -9999 -9999 -9999 -9999 -9999 -9999 -9999 -9999 -9999 -9999 -9999 -9999
-9.749 -9.490 -8.703 -8.265 -7.961 -7.797 -7.770 -7.763 -7.819 -7.887 -7.853 -7.900 -8.031 -8.089 -7.880 -7.854 -7.855 -7.910 -7.942 -7.987 -7.969 -8.026 -8.095 -8.489 -8.526 -8.101 -8.120 -8.004 -7.998 -8.023 -8.009 -8.032 -8.076 -8.052 -8.080 -7.970 -7.979 -8.003 -8.034 -8.048 -9999 -9999 -9999 -9999 -9999 -9999 -9999 -9999 -9999 -9999 -9999 -9999 -9999 -9999 -9999 -9999 -9999 -9999 -9999 -9999
-9.229 -8.681 -8.491 -8.106 -7.940 -7.767 -7.748 -7.761 -7.789 -7.849 -7.880 -7.990 -8.074 -8.118 -7.989 -7.940 -7.914 -7.863 -7.975 -8.006 -8.016 -7.972 -8.049 -8.309 -8.220 -8.160 -8.165 -8.134 -8.057 -7.991 -7.975 -7.982 -8.059 -8.176 -8.293 -8.291 -7.960 -8.003 -8.017 -7.979 -9999 -9999 -9999 -9999 -9999 -9999 -9999 -9999 -9999 -9999 -9999 -9999 -9999 -9999 -9999 -9999 -9999 -9999 -9999 -9999
-8.685 -8.561 -8.136 -7.862 -7.796 -7.805 -7.861 -7.779 -7.788 -7.858 -7.922 -7.994 -8.073 -8.047 -8.565 -8.196 -7.949 -7.880 -7.941 -8.005 -8.045 -7.915 -8.067 -8.146 -8.148 -8.137 -8.129 -8.105 -8.057 -8.056 -7.887 -7.971 -8.094 -8.167 -8.248 -8.261 -8.023 -7.981 -8.000 -7.994 -9999 -9999 -9999 -9999 -9999 -9999 -9999 -9999 -9999 -9999 -9999 -9999 -9999 -9999 -9999 -9999 -9999 -9999 -9999 -9999
-8.201 -8.155 -8.042 -7.808 -7.679 -7.634 -7.755 -7.870 -7.894 -7.889 -7.993 -8.033 -7.875 -7.969 -8.140 -8.120 -8.157 -8.058 -7.903 -7.940 -7.923 -7.956 -7.879 -8.058 -8.093 -8.090 -8.137 -8.118 -8.094 -8.044 -7.869 -7.887 -8.075 -8.162 -8.190 -8.139 -7.944 -7.939 -7.944 -7.951 -9999 -9999 -9999 -9999 -9999 -9999 -9999 -9999 -9999 -9999 -9999 -9999 -9999 -9999 -9999 -9999 -9999 -9999 -9999 -9999
-7.885 -7.796 -7.854 -7.768 -7.604 -7.576 -7.664 -7.757 -7.915 -7.917 -7.947 -8.021 -7.863 -7.926 -8.031 -8.129 -8.114 -8.117 -8.114 -7.997 -7.996 -7.887 -7.880 -7.821 -8.032 -8.046 -8.014 -8.062 -8.032 -7.877 -7.851 -7.843 -7.982 -8.088 -8.057 -8.112 -8.054 -7.934 -7.937 -7.951 -9999 -9999 -9999 -9999 -9999 -9999 -9999 -9999 -9999 -9999 -9999 -9999 -9999 -9999 -9999 -9999 -9999 -9999 -9999 -9999
-7.522 -7.563 -7.649 -7.608 -7.529 -7.477 -7.536 -7.722 -7.730 -7.838 -7.945 -7.814 -7.877 -7.941 -8.221 -8.189 -8.191 -8.175 -8.136 -8.085 -7.914 -8.014 -7.905 -7.929 -7.798 -8.007 -8.000 -7.971 -7.815 -7.794 -7.809 -7.829 -7.941 -7.979 -7.998 -8.000 -7.948 -7.925 -7.930 -7.945 -9999 -9999 -9999 -9999 -9999 -9999 -9999 -9999 -9999 -9999 -9999 -9999 -9999 -9999 -9999 -9999 -9999 -9999 -9999 -9999
-7.321 -7.374 -7.372 -7.454 -7.398 -7.469 -7.436 -7.541 -7.580 -7.744 -7.677 -7.732 -7.796 -7.915 -8.054 -8.137 -8.058 -8.081 -8.096 -8.147 -8.154 -8.074 -8.041 -7.970 -7.871 -7.830 -7.822 -7.777 -7.785 -7.788 -7.796 -7.820 -7.911 -7.948 -8.072 -8.113 -8.007 -7.952 -7.920 -7.952 -9999 -9999 -9999 -9999 -9999 -9999 -9999 -9999 -9999 -9999 -9999 -9999 -9999 -9999 -9999 -9999 -9999 -9999 -9999 -9999
-7.232 -7.193 -7.208 -7.311 -7.272 -7.353 -7.436 -7.531 -7.552 -7.581 -7.811 -7.800 -7.841 -7.859 -7.988 -7.999 -8.075 -8.120 -8.143 -8.135 -7.974 -8.051 -7.973 -7.910 -7.893 -7.832 -7.847 -7.807 -7.778 -7.788 -7.807 -7.795 -7.869 -7.934 -8.176 -8.304 -8.451 -8.020 -7.914 -7.947 -9999 -9999 -9999 -9999 -9999 -9999 -9999 -9999 -9999 -9999 -9999 -9999 -9999 -9999 -9999 -9999 -9999 -9999 -9999 -9999
-6.843 -7.026 -7.176 -7.383 -7.471 -7.462 -7.539 -7.631 -7.571 -7.580 -7.916 -7.961 -8.083 -7.939 -7.910 -7.995 -8.234 -8.067 -8.414 -8.005 -7.975 -7.896 -7.878 -7.878 -7.913 -7.935 -7.845 -7.797 -7.755 -7.786 -7.837 -7.783 -7.859 -7.925 -8.122 -8.143 -8.592 -8.074 -7.916 -7.941 -9999 -9999 -9999 -9999 -9999 -9999 -9999 -9999 -9999 -9999 -9999 -9999 -9999 -9999 -9999 -9999 -9999 -9999 -9999 -9999
-7.045 -7.152 -7.295 -7.470 -7.961 -8.054 -7.670 -7.683 -7.713 -7.705 -7.634 -7.835 -7.891 -7.930 -7.890 -7.966 -8.103 -8.165 -8.091 -7.986 -7.951 -7.970 -7.880 -7.890 -7.830 -8.079 -7.811 -7.788 -7.751 -7.800 -7.834 -7.782 -7.836 -7.920 -8.021 -8.066 -8.182 -7.992 -7.899 -7.942 -9999 -9999 -9999 -9999 -9999 -9999 -9999 -9999 -9999 -9999 -9999 -9999 -9999 -9999 -9999 -9999 -9999 -9999 -9999 -9999
-7.134 -7.169 -7.215 -7.507 -7.790 -7.668 -7.612 -7.807 -7.711 -7.725 -7.704 -7.767 -7.878 -7.905 -7.876 -7.931 -8.077 -8.172 -8.107 -8.088 -7.959 -7.921 -7.820 -7.852 -7.871 -7.795 -7.886 -7.760 -7.729 -7.738 -7.750 -7.776 -7.771 -7.893 -7.978 -8.008 -7.992 -7.939 -7.884 -7.930 -9999 -9999 -9999 -9999 -9999 -9999 -9999 -9999 -9999 -9999 -9999 -9999 -9999 -9999 -9999 -9999 -9999 -9999 -9999 -9999
-7.119 -7.330 -7.469 -7.570 -7.501 -7.552 -7.627 -7.706 -7.651 -7.707 -7.708 -7.827 -7.819 -7.904 -7.954 -7.902 -7.987 -7.996 -7.916 -7.939 -7.852 -7.958 -7.849 -7.812 -7.796 -7.834 -7.838 -7.752 -7.778 -7.760 -7.750 -7.725 -7.697 -7.873 -7.952 -7.976 -7.982 -7.975 -7.943 -7.917 -9999 -9999 -9999 -9999 -9999 -9999 -9999 -9999 -9999 -9999 -9999 -9999 -9999 -9999 -9999 -9999 -9999 -9999 -9999 -9999
-7.090 -7.416 -7.464 -7.708 -7.627 -7.556 -7.692 -7.850 -7.845 -7.842 -7.793 -7.872 -7.870 -7.925 -7.956 -7.998 -7.933 -7.947 -7.916 -7.876 -7.965 -7.892 -7.947 -7.824 -7.807 -7.739 -7.678 -7.741 -7.765 -7.768 -7.748 -7.754 -7.766 -7.758 -7.920 -7.939 -7.952 -7.962 -7.939 -7.895 -7.881 -7.887 -7.909 -7.914 -7.938 -7.965 -7.976 -7.986 -8.001 -8.013 -8.024 -8.013 -7.970 -8.022 -9999 -9999 -9999 -9999 -8.360 -8.425
-7.019 -7.098 -7.307 -7.526 -7.778 -7.493 -7.655 -7.892 -7.821 -7.832 -7.869 -7.901 -7.893 -7.888 -7.899 -7.968 -8.013 -7.972 -7.856 -8.017 -7.988 -8.102 -8.123 -7.962 -7.776 -7.746 -7.645 -7.644 -7.709 -7.669 -7.708 -7.706 -7.718 -7.615 -7.841 -7.877 -7.899 -7.902 -7.914 -7.874 -7.844 -7.852 -7.875 -7.874 -7.914 -7.937 -7.957 -7.965 -7.938 -7.953 -7.998 -7.976 -7.969 -8.060 -8.383 -8.488 -8.219 -8.230 -8.200 -8.522
-6.999 -7.120 -6.908 -7.135 -7.342 -7.538 -7.772 -7.919 -8.203 -8.099 -7.977 -7.944 -8.080 -8.176 -7.955 -7.895 -7.927 -8.020 -8.026 -7.984 -7.919 -7.984 -7.886 -7.833 -7.761 -7.717 -7.679 -7.654 -7.655 -7.658 -7.650 -7.617 -7.644 -7.366 -7.802 -7.808 -7.776 -7.796 -7.856 -7.829 -7.843 -7.804 -7.816 -7.838 -7.861 -7.885 -7.905 -7.890 -7.905 -7.937 -7.918 -7.937 -7.965 -8.031 -8.405 -8.609 -8.341 -8.350 -8.442 -8.326
-6.895 -6.692 -6.982 -7.139 -7.302 -7.512 -7.737 -7.864 -8.079 -8.201 -8.061 -7.982 -8.170 -8.765 -8.104 -7.923 -7.891 -7.928 -7.933 -7.994 -7.851 -7.720 -7.692 -7.647 -7.675 -7.688 -7.643 -7.647 -7.663 -7.665 -7.689 -7.630 -7.598 -7.646 -7.663 -7.210 -7.728 -7.647 -7.704 -7.238 -7.646 -7.756 -7.775 -7.825 -7.828 -7.844 -7.883 -7.899 -7.900 -7.910 -7.884 -7.924 -7.994 -8.025 -8.199 -8.377 -8.355 -8.370 -8.334 -8.423
-6.705 -6.641 -6.832 -7.134 -7.375 -7.553 -7.729 -7.799 -7.899 -8.065 -7.948 -8.018 -8.101 -8.480 -8.249 -7.988 -7.900 -7.918 -7.958 -7.987 -7.736 -7.705 -7.672 -7.740 -7.727 -7.654 -7.637 -7.727 -7.735 -7.650 -7.660 -7.681 -7.687 -7.689 -7.652 -7.522 -6.999 -7.039 -7.329 -7.686 -7.735 -7.783 -7.735 -7.798 -7.814 -7.834 -7.870 -7.885 -7.894 -7.906 -7.863 -7.936 -7.969 -7.972 -8.140 -8.197 -8.254 -8.335 -8.220 -8.354
-6.479 -6.599 -6.816 -7.082 -7.378 -7.531 -7.701 -7.763 -7.855 -7.843 -7.986 -7.944 -8.007 -8.238 -8.242 -8.058 -8.082 -7.843 -7.934 -7.873 -7.839 -7.689 -7.763 -7.749 -7.825 -7.704 -7.651 -7.752 -7.796 -7.668 -7.654 -7.662 -7.698 -7.623 -7.595 -7.638 -7.646 -7.541 -6.811 -6.749 -7.492 -7.727 -7.925 -7.815 -7.796 -7.817 -7.829 -7.849 -7.884 -7.890 -7.848 -7.920 -7.928 -7.945 -8.100 -8.098 -8.190 -8.182 -8.281 -8.383
-6.507 -6.738 -6.803 -6.996 -7.279 -7.329 -7.564 -7.653 -7.790 -7.775 -7.829 -7.832 -8.147 -8.216 -8.309 -8.406 -8.370 -8.027 -7.925 -7.982 -7.750 -7.804 -7.865 -7.908 -8.200 -7.877 -7.727 -7.669 -7.852 -7.942 -7.756 -7.743 -7.648 -7.610 -7.726 -7.595 -7.591 -7.627 -7.680 -6.951 -7.193 -7.404 -7.569 -7.740 -7.814 -7.842 -7.881 -7.907 -7.856 -7.817 -7.824 -7.898 -7.844 -8.023 -8.045 -8.124 -8.100 -8.271 -8.146 -8.247
-6.619 -6.705 -6.855 -6.999 -7.147 -7.083 -7.451 -7.246 -7.360 -7.671 -7.775 -7.893 -7.883 -7.929 -8.143 -8.212 -8.183 -8.267 -8.111 -8.107 -7.985 -7.847 -7.904 -7.961 -7.950 -7.849 -7.710 -7.736 -7.921 -7.892 -7.833 -7.668 -7.646 -7.618 -7.608 -7.578 -7.590 -7.589 -7.368 -7.108 -6.768 -7.540 -7.268 -7.700 -7.708 -7.640 -7.715 -7.774 -7.378 -7.811 -7.840 -7.861 -7.754 -7.929 -7.946 -7.941 -8.037 -8.241 -8.311 -8.212
-6.464 -6.562 -6.732 -6.900 -7.093 -7.042 -7.261 -7.311 -7.511 -7.717 -7.774 -7.618 -7.804 -8.038 -8.262 -8.239 -8.256 -8.158 -8.063 -8.042 -8.031 -7.943 -8.002 -7.961 -7.855 -7.908 -7.797 -7.790 -7.912 -7.920 -7.852 -7.726 -7.661 -7.654 -7.644 -7.662 -7.669 -7.737 -7.682 -6.980 -6.764 -6.334 -6.996 -7.592 -7.586 -7.539 -7.579 -7.598 -6.817 -7.673 -7.725 -7.770 -7.817 -8.113 -8.040 -8.062 -7.968 -8.079 -8.315 -8.383
-6.386 -6.572 -6.721 -6.904 -7.060 -6.975 -7.147 -7.204 -7.394 -7.690 -7.538 -7.557 -7.639 -7.946 -8.187 -8.147 -8.213 -8.275 -8.162 -8.039 -7.742 -8.040 -8.030 -8.113 -8.187 -7.954 -7.899 -7.784 -7.835 -8.002 -8.064 -7.895 -7.774 -7.825 -7.783 -7.763 -7.773 -7.668 -7.715 -7.657 -7.609 -6.874 -6.127 -6.877 -7.430 -7.328 -6.983 -7.071 -7.095 -7.546 -7.639 -7.662 -7.749 -7.993 -8.005 -8.110 -8.174 -8.087 -8.146 -8.403
-6.423 -6.603 -6.713 -6.872 -6.995 -6.914 -7.210 -7.320 -7.464 -7.613 -7.582 -7.661 -7.653 -8.115 -8.129 -8.130 -7.957 -7.875 -8.189 -7.706 -7.623 -7.777 -7.980 -8.032 -8.221 -8.025 -7.921 -7.929 -8.128 -7.858 -8.079 -7.886 -7.838 -7.802 -7.799 -7.761 -7.778 -7.747 -7.614 -7.662 -7.618 -7.514 -7.074 -6.090 -6.332 -6.221 -6.628 -7.076 -7.549 -7.533 -7.585 -7.377 -7.506 -7.603 -7.987 -8.056 -8.168 -8.216 -8.179 -8.269
-6.142 -6.564 -6.670 -6.778 -6.909 -6.860 -7.063 -7.202 -7.452 -7.318 -7.565 -7.712 -8.015 -8.112 -8.149 -8.256 -8.282 -7.910 -7.909 -7.731 -7.728 -7.582 -7.831 -7.960 -7.937 -8.023 -7.937 -7.895 -8.077 -7.742 -7.786 -7.825 -7.834 -7.784 -7.763 -7.752 -7.764 -7.681 -7.561 -7.535 -7.626 -7.518 -7.416 -6.594 -5.999 -7.233 -7.328 -7.390 -7.486 -7.513 -7.416 -7.032 -7.565 -7.907 -8.013 -8.058 -8.152 -8.184 -8.291 -8.202
-6.381 -6.543 -6.635 -6.747 -6.905 -6.834 -7.077 -7.188 -7.174 -7.249 -7.552 -7.748 -7.673 -7.998 -8.030 -8.103 -8.180 -8.188 -8.008 -7.996 -7.603 -7.554 -7.723 -7.917 -7.879 -7.785 -7.794 -7.764 -7.692 -7.634 -7.639 -7.738 -7.716 -7.741 -7.734 -7.674 -7.671 -7.494 -7.517 -7.529 -7.452 -7.462 -7.471 -7.082 -5.854 -6.882 -7.502 -7.378 -7.439 -6.841 -6.425 -6.867 -7.552 -8.097 -7.818 -7.992 -8.084 -8.056 -8.265 -8.290
-6.413 -6.532 -6.612 -6.723 -6.797 -6.786 -6.903 -7.165 -7.252 -7.372 -7.468 -7.603 -7.572 -7.646 -7.909 -8.032 -8.088 -7.870 -7.922 -7.947 -7.720 -7.614 -7.568 -7.757 -7.822 -7.761 -7.638 -7.633 -7.628 -7.573 -7.565 -7.617 -7.635 -7.753 -7.702 -7.598 -7.479 -7.395 -7.420 -7.290 -7.264 -7.510 -7.508 -7.280 -6.297 -6.126 -7.140 -7.418 -7.030 -6.130 -7.084 -7.450 -7.551 -8.119 -7.925 -7.837 -7.943 -7.981 -8.086 -8.155
-6.300 -6.405 -6.401 -6.594 -6.735 -6.798 -7.034 -7.130 -7.189 -7.276 -7.440 -7.464 -7.538 -7.604 -7.722 -7.890 -7.727 -7.679 -7.643 -7.647 -7.582 -7.743 -7.452 -7.482 -7.714 -7.763 -7.586 -7.619 -7.652 -7.521 -7.530 -7.516 -7.668 -7.656 -7.486 -7.552 -7.414 -7.403 -7.344 -7.453 -7.253 -7.472 -7.468 -7.442 -6.594 -5.920 -6.244 -6.914 -6.181 -6.774 -6.940 -6.927 -7.581 -8.039 -7.991 -7.915 -7.830 -7.902 -8.026 -8.070
-6.211 -6.321 -6.394 -6.360 -6.725 -6.882 -7.033 -7.059 -7.149 -7.292 -7.382 -7.250 -7.472 -7.433 -7.620 -7.745 -7.924 -7.667 -7.602 -7.681 -7.667 -7.673 -7.551 -7.396 -7.552 -7.656 -7.622 -7.565 -7.587 -7.561 -7.512 -7.509 -7.555 -7.574 -7.486 -7.384 -7.426 -7.426 -7.361 -7.393 -7.371 -7.051 -7.388 -7.336 -7.384 -6.439 -5.497 -6.287 -5.791 -6.879 -7.421 -7.113 -7.334 -7.865 -7.832 -7.925 -7.839 -7.811 -7.897 -8.110
-6.049 -5.883 -6.294 -6.528 -6.686 -6.730 -6.914 -7.064 -7.119 -7.174 -7.250 -7.151 -7.187 -7.423 -7.531 -7.628 -7.635 -7.635 -7.595 -7.561 -7.667 -7.573 -7.546 -7.617 -7.592 -7.322 -7.525 -7.484 -7.463 -7.436 -7.390 -7.387 -7.465 -7.464 -7.414 -7.366 -7.316 -7.320 -7.236 -7.265 -7.340 -7.223 -7.057 -7.261 -7.360 -7.260 -5.868 -5.641 -6.048 -6.909 -7.410 -7.444 -7.508 -7.486 -7.461 -7.769 -7.834 -7.761 -7.926 -8.026
-5.862 -5.823 -6.221 -6.452 -6.440 -6.728 -6.886 -7.002 -7.095 -7.039 -7.156 -7.097 -7.230 -7.374 -7.460 -7.499 -7.460 -7.589 -7.492 -7.578 -7.714 -7.920 -7.661 -7.474 -7.514 -7.350 -7.480 -7.415 -7.382 -7.343 -7.328 -7.299 -7.372 -7.403 -7.376 -7.262 -7.233 -7.264 -7.242 -7.197 -7.223 -7.227 -6.991 -6.766 -6.980 -6.443 -5.691 -5.939 -6.440 -6.619 -7.008 -7.460 -7.618 -7.539 -7.543 -7.645 -7.669 -7.675 -7.800 -7.808
-5.554 -6.158 -6.315 -6.271 -6.521 -6.725 -6.826 -6.955 -7.005 -6.977 -7.116 -7.110 -7.047 -7.272 -7.330 -7.415 -7.439 -7.488 -7.585 -7.455 -7.587 -7.702 -7.764 -7.487 -7.283 -7.249 -7.361 -7.518 -7.334 -7.468 -7.423 -7.341 -7.233 -7.330 -7.393 -7.355 -7.161 -7.158 -7.155 -7.160 -7.111 -7.088 -6.981 -6.006 -5.964 -5.935 -5.825 -6.275 -6.796 -6.814 -7.282 -7.178 -7.584 -7.831 -8.071 -7.754 -7.594 -7.709 -7.726 -7.735
