tests/files/spatial_manager/layers/compound/TA/TA0101201603.asc
ncols	60
nrows	60
xllcorner	390242.99999940
yllcorner	3870256.0000075
cellsize	500.00000000000
NODATA_value	-9999.000000
[rows 0 to 38 of 60, columns 0 to 59 of 60]
-8.102 -8.424 -8.524 -8.487 -8.787 -8.871 -9.173 -9.245 -10.01 -9.482 -9.570 -9.692 -9.822 -9.850 -9.882 -9.969 -10.07 -10.18 -10.28 -10.41 -10.49 -10.55 -10.66 -10.69 -10.65 -10.75 -10.73 -10.71 -10.74 -10.84 -10.99 -10.90 -10.81 -10.78 -10.85 -10.94 -10.92 -10.81 -10.66 -10.68 -9999 -9999 -9999 -9999 -9999 -9999 -9999 -9999 -9999 -9999 -9999 -9999 -9999 -9999 -9999 -9999 -9999 -9999 -9999 -9999
-8.408 -8.465 -8.638 -8.461 -8.940 -8.936 -9.051 -9.441 -9.774 -9.817 -9.952 -10.02 -9.819 -9.903 -10.04 -9.972 -10.11 -10.20 -10.32 -10.51 -10.59 -10.59 -10.55 -10.58 -10.65 -10.87 -11.14 -10.74 -10.70 -10.84 -10.92 -10.84 -10.83 -10.75 -10.77 -10.77 -10.66 -10.61 -10.58 -10.58 -9999 -9999 -9999 -9999 -9999 -9999 -9999 -9999 -9999 -9999 -9999 -9999 -9999 -9999 -9999 -9999 -9999 -9999 -9999 -9999
-8.489 -8.616 -8.681 -8.822 -9.050 -8.800 -8.972 -9.293 -9.494 -9.700 -9.958 -10.19 -9.941 -10.02 -10.03 -9.989 -10.09 -10.23 -10.41 -10.80 -10.97 -10.65 -10.55 -10.56 -10.64 -10.75 -10.99 -10.74 -10.66 -10.78 -10.75 -10.76 -10.76 -10.76 -10.82 -10.71 -10.72 -10.68 -10.56 -10.49 -9999 -9999 -9999 -9999 -9999 -9999 -9999 -9999 -9999 -9999 -9999 -9999 -9999 -9999 -9999 -9999 -9999 -9999 -9999 -9999
-8.675 -8.706 -8.734 -9.394 -9.026 -8.860 -8.966 -9.281 -9.508 -9.666 -9.821 -9.922 -10.00 -9.922 -10.02 -10.03 -10.17 -10.27 -10.51 -11.00 -11.46 -10.87 -10.55 -10.53 -10.60 -10.62 -10.63 -10.63 -10.62 -10.69 -10.69 -10.68 -10.75 -10.78 -10.82 -10.74 -10.68 -10.70 -10.64 -10.49 -9999 -9999 -9999 -9999 -9999 -9999 -9999 -9999 -9999 -9999 -9999 -9999 -9999 -9999 -9999 -9999 -9999 -9999 -9999 -9999
-9.447 -9.098 -8.844 -9.301 -9.034 -8.937 -9.037 -9.155 -9.386 -9.646 -9.772 -9.869 -9.957 -10.19 -10.13 -10.10 -10.10 -10.30 -10.36 -10.73 -10.94 -10.70 -10.48 -10.47 -10.47 -10.51 -10.55 -10.59 -10.64 -10.62 -10.61 -10.67 -10.69 -10.75 -10.77 -10.78 -10.77 -10.70 -10.59 -10.44 -9999 -9999 -9999 -9999 -9999 -9999 -9999 -9999 -9999 -9999 -9999 -9999 -9999 -9999 -9999 -9999 -9999 -9999 -9999 -9999
-9.502 -9.057 -9.148 -9.400 -9.155 -9.004 -9.144 -9.196 -9.282 -9.571 -9.618 -9.733 -9.752 -10.01 -9.995 -10.02 -10.17 -10.13 -10.30 -10.59 -10.60 -10.51 -10.42 -10.42 -10.44 -10.45 -10.48 -10.57 -10.63 -10.60 -10.58 -10.59 -10.61 -10.65 -10.68 -10.80 -10.64 -10.58 -10.54 -10.37 -9999 -9999 -9999 -9999 -9999 -9999 -9999 -9999 -9999 -9999 -9999 -9999 -9999 -9999 -9999 -9999 -9999 -9999 -9999 -9999
-9.774 -9.699 -9.564 -9.519 -9.224 -9.060 -9.083 -9.191 -9.395 -9.411 -9.588 -9.640 -9.755 -9.845 -9.927 -10.03 -9.987 -10.09 -10.24 -10.32 -10.45 -10.39 -10.55 -10.44 -10.44 -10.42 -10.44 -10.47 -10.54 -10.53 -10.52 -10.52 -10.52 -10.50 -10.58 -10.53 -10.55 -10.47 -10.45 -10.30 -9999 -9999 -9999 -9999 -9999 -9999 -9999 -9999 -9999 -9999 -9999 -9999 -9999 -9999 -9999 -9999 -9999 -9999 -9999 -9999
-10.23 -10.19 -9.599 -9.256 -9.083 -9.057 -9.084 -9.206 -9.534 -9.443 -9.522 -9.620 -9.708 -9.896 -9.997 -9.884 -9.965 -10.06 -10.20 -10.26 -10.34 -10.42 -10.68 -10.51 -10.51 -10.44 -10.42 -10.42 -10.45 -10.44 -10.43 -10.48 -10.45 -10.44 -10.44 -10.41 -10.35 -10.40 -10.23 -10.21 -9999 -9999 -9999 -9999 -9999 -9999 -9999 -9999 -9999 -9999 -9999 -9999 -9999 -9999 -9999 -9999 -9999 -9999 -9999 -9999
-10.41 -10.25 -9.573 -9.241 -9.041 -8.979 -9.052 -9.143 -9.294 -9.453 -9.507 -9.638 -9.849 -9.983 -9.845 -9.885 -9.948 -10.06 -10.14 -10.23 -10.26 -10.35 -10.45 -10.86 -10.92 -10.51 -10.54 -10.42 -10.41 -10.43 -10.41 -10.41 -10.44 -10.39 -10.38 -10.24 -10.21 -10.20 -10.18 -10.15 -9999 -9999 -9999 -9999 -9999 -9999 -9999 -9999 -9999 -9999 -9999 -9999 -9999 -9999 -9999 -9999 -9999 -9999 -9999 -9999
-9.864 -9.423 -9.340 -9.061 -8.999 -8.928 -9.009 -9.120 -9.242 -9.394 -9.513 -9.706 -9.870 -9.990 -9.932 -9.948 -9.983 -9.987 -10.15 -10.22 -10.27 -10.26 -10.37 -10.65 -10.58 -10.53 -10.55 -10.52 -10.44 -10.36 -10.33 -10.32 -10.38 -10.47 -10.55 -10.52 -10.15 -10.15 -10.12 -10.03 -9999 -9999 -9999 -9999 -9999 -9999 -9999 -9999 -9999 -9999 -9999 -9999 -9999 -9999 -9999 -9999 -9999 -9999 -9999 -9999
-9.296 -9.280 -8.962 -8.794 -8.833 -8.944 -9.101 -9.117 -9.220 -9.382 -9.533 -9.689 -9.847 -9.897 -10.48 -10.18 -9.993 -9.978 -10.09 -10.20 -10.28 -10.18 -10.36 -10.46 -10.48 -10.48 -10.47 -10.45 -10.40 -10.39 -10.20 -10.27 -10.37 -10.42 -10.47 -10.44 -10.17 -10.08 -10.06 -10.00 -9999 -9999 -9999 -9999 -9999 -9999 -9999 -9999 -9999 -9999 -9999 -9999 -9999 -9999 -9999 -9999 -9999 -9999 -9999 -9999
-8.789 -8.852 -8.845 -8.718 -8.693 -8.751 -8.973 -9.186 -9.304 -9.391 -9.582 -9.705 -9.626 -9.795 -10.04 -10.08 -10.18 -10.13 -10.02 -10.10 -10.12 -10.19 -10.14 -10.34 -10.39 -10.39 -10.45 -10.43 -10.40 -10.34 -10.15 -10.14 -10.31 -10.37 -10.36 -10.28 -10.04 -9.994 -9.954 -9.912 -9999 -9999 -9999 -9999 -9999 -9999 -9999 -9999 -9999 -9999 -9999 -9999 -9999 -9999 -9999 -9999 -9999 -9999 -9999 -9999
-8.450 -8.469 -8.634 -8.655 -8.596 -8.671 -8.859 -9.050 -9.303 -9.396 -9.513 -9.670 -9.591 -9.728 -9.902 -10.06 -10.11 -10.16 -10.21 -10.13 -10.17 -10.09 -10.11 -10.07 -10.29 -10.32 -10.29 -10.33 -10.30 -10.13 -10.09 -10.06 -10.17 -10.25 -10.19 -10.20 -10.11 -9.944 -9.901 -9.866 -9999 -9999 -9999 -9999 -9999 -9999 -9999 -9999 -9999 -9999 -9999 -9999 -9999 -9999 -9999 -9999 -9999 -9999 -9999 -9999
-8.063 -8.213 -8.407 -8.472 -8.498 -8.549 -8.709 -8.993 -9.096 -9.294 -9.488 -9.440 -9.581 -9.719 -10.07 -10.10 -10.16 -10.19 -10.20 -10.19 -10.05 -10.18 -10.10 -10.14 -10.02 -10.24 -10.23 -10.20 -10.04 -10.01 -10.00 -10.00 -10.09 -10.10 -10.08 -10.05 -9.956 -9.888 -9.847 -9.813 -9999 -9999 -9999 -9999 -9999 -9999 -9999 -9999 -9999 -9999 -9999 -9999 -9999 -9999 -9999 -9999 -9999 -9999 -9999 -9999
-7.838 -8.000 -8.106 -8.295 -8.344 -8.518 -8.586 -8.789 -8.922 -9.177 -9.197 -9.333 -9.476 -9.668 -9.875 -10.02 -9.997 -10.07 -10.13 -10.22 -10.26 -10.21 -10.20 -10.15 -10.06 -10.03 -10.02 -9.970 -9.969 -9.959 -9.949 -9.951 -10.02 -10.02 -10.11 -10.12 -9.969 -9.870 -9.791 -9.774 -9999 -9999 -9999 -9999 -9999 -9999 -9999 -9999 -9999 -9999 -9999 -9999 -9999 -9999 -9999 -9999 -9999 -9999 -9999 -9999
-7.724 -7.794 -7.918 -8.128 -8.194 -8.378 -8.562 -8.755 -8.871 -8.990 -9.306 -9.378 -9.496 -9.585 -9.782 -9.854 -9.987 -10.08 -10.15 -10.18 -10.05 -10.16 -10.10 -10.05 -10.05 -9.991 -10.01 -9.961 -9.922 -9.918 -9.917 -9.882 -9.930 -9.964 -10.17 -10.26 -10.37 -9.891 -9.739 -9.723 -9999 -9999 -9999 -9999 -9999 -9999 -9999 -9999 -9999 -9999 -9999 -9999 -9999 -9999 -9999 -9999 -9999 -9999 -9999 -9999
-7.311 -7.603 -7.862 -8.176 -8.370 -8.463 -8.642 -8.831 -8.866 -8.965 -9.387 -9.513 -9.712 -9.639 -9.677 -9.823 -10.12 -9.999 -10.39 -10.02 -10.02 -9.968 -9.970 -9.985 -10.03 -10.06 -9.965 -9.911 -9.858 -9.873 -9.905 -9.827 -9.875 -9.910 -10.07 -10.05 -10.46 -9.900 -9.695 -9.671 -9999 -9999 -9999 -9999 -9999 -9999 -9999 -9999 -9999 -9999 -9999 -9999 -9999 -9999 -9999 -9999 -9999 -9999 -9999 -9999
-7.489 -7.705 -7.957 -8.239 -8.835 -9.031 -8.748 -8.858 -8.982 -9.065 -9.079 -9.362 -9.494 -9.604 -9.630 -9.766 -9.957 -10.07 -10.04 -9.968 -9.964 -10.01 -9.937 -9.960 -9.909 -10.16 -9.891 -9.861 -9.813 -9.845 -9.860 -9.783 -9.809 -9.861 -9.926 -9.932 -10.01 -9.772 -9.632 -9.625 -9999 -9999 -9999 -9999 -9999 -9999 -9999 -9999 -9999 -9999 -9999 -9999 -9999 -9999 -9999 -9999 -9999 -9999 -9999 -9999
-7.553 -7.697 -7.852 -8.251 -8.640 -8.621 -8.666 -8.958 -8.956 -9.060 -9.124 -9.268 -9.454 -9.552 -9.588 -9.702 -9.901 -10.04 -10.02 -10.04 -9.938 -9.924 -9.842 -9.886 -9.912 -9.839 -9.927 -9.793 -9.749 -9.741 -9.732 -9.734 -9.699 -9.789 -9.838 -9.829 -9.771 -9.673 -9.572 -9.568 -9999 -9999 -9999 -9999 -9999 -9999 -9999 -9999 -9999 -9999 -9999 -9999 -9999 -9999 -9999 -9999 -9999 -9999 -9999 -9999
-7.512 -7.833 -8.081 -8.290 -8.326 -8.480 -8.656 -8.832 -8.870 -9.016 -9.102 -9.301 -9.368 -9.524 -9.638 -9.644 -9.781 -9.837 -9.797 -9.856 -9.797 -9.926 -9.835 -9.809 -9.799 -9.839 -9.838 -9.744 -9.757 -9.721 -9.689 -9.638 -9.581 -9.724 -9.767 -9.751 -9.716 -9.664 -9.585 -9.510 -9999 -9999 -9999 -9999 -9999 -9999 -9999 -9999 -9999 -9999 -9999 -9999 -9999 -9999 -9999 -9999 -9999 -9999 -9999 -9999
-7.459 -7.895 -8.051 -8.402 -8.427 -8.459 -8.695 -8.950 -9.039 -9.125 -9.161 -9.319 -9.392 -9.516 -9.611 -9.710 -9.697 -9.757 -9.765 -9.759 -9.875 -9.824 -9.896 -9.784 -9.772 -9.704 -9.639 -9.692 -9.702 -9.687 -9.644 -9.623 -9.606 -9.565 -9.690 -9.670 -9.641 -9.606 -9.536 -9.443 -9.378 -9.332 -9.300 -9.250 -9.218 -9.188 -9.142 -9.094 -9.050 -9.003 -8.956 -8.887 -8.786 -8.780 -9999 -9999 -9999 -9999 -8.845 -8.859
-7.363 -7.551 -7.869 -8.196 -8.553 -8.371 -8.633 -8.968 -8.990 -9.089 -9.210 -9.322 -9.388 -9.451 -9.524 -9.650 -9.746 -9.750 -9.672 -9.866 -9.863 -9.998 -10.04 -9.884 -9.702 -9.671 -9.565 -9.553 -9.603 -9.544 -9.560 -9.531 -9.513 -9.377 -9.566 -9.562 -9.543 -9.501 -9.466 -9.377 -9.298 -9.254 -9.223 -9.167 -9.152 -9.118 -9.081 -9.032 -8.948 -8.905 -8.893 -8.814 -8.751 -8.785 -9.052 -9.103 -8.781 -8.739 -8.658 -8.931
-7.317 -7.548 -7.444 -7.779 -8.092 -8.390 -8.725 -8.969 -9.345 -9.329 -9.291 -9.337 -9.546 -9.710 -9.550 -9.547 -9.628 -9.765 -9.809 -9.798 -9.760 -9.844 -9.760 -9.716 -9.648 -9.602 -9.558 -9.521 -9.507 -9.490 -9.458 -9.399 -9.395 -9.083 -9.482 -9.448 -9.374 -9.350 -9.364 -9.288 -9.252 -9.161 -9.121 -9.089 -9.057 -9.025 -8.989 -8.918 -8.876 -8.853 -8.777 -8.740 -8.713 -8.723 -9.043 -9.195 -8.874 -8.833 -8.874 -8.710
-7.188 -7.095 -7.493 -7.757 -8.026 -8.339 -8.664 -8.887 -9.195 -9.404 -9.347 -9.347 -9.608 -10.27 -9.670 -9.544 -9.561 -9.640 -9.683 -9.774 -9.656 -9.543 -9.528 -9.491 -9.522 -9.533 -9.481 -9.473 -9.472 -9.454 -9.454 -9.367 -9.305 -9.318 -9.298 -8.805 -9.281 -9.156 -9.167 -8.653 -9.012 -9.071 -9.037 -9.034 -8.983 -8.944 -8.928 -8.889 -8.834 -8.789 -8.708 -8.692 -8.708 -8.685 -8.807 -8.933 -8.860 -8.826 -8.741 -8.783
-6.973 -7.018 -7.318 -7.728 -8.074 -8.354 -8.630 -8.796 -8.988 -9.241 -9.207 -9.355 -9.509 -9.955 -9.784 -9.577 -9.538 -9.597 -9.673 -9.732 -9.505 -9.491 -9.471 -9.545 -9.535 -9.458 -9.433 -9.510 -9.502 -9.396 -9.382 -9.374 -9.349 -9.316 -9.243 -9.073 -8.508 -8.504 -8.747 -9.058 -9.057 -9.055 -8.955 -8.965 -8.928 -8.895 -8.876 -8.836 -8.791 -8.748 -8.652 -8.671 -8.651 -8.602 -8.718 -8.724 -8.731 -8.764 -8.602 -8.690
-6.721 -6.952 -7.277 -7.650 -8.051 -8.306 -8.576 -8.733 -8.917 -8.992 -9.217 -9.252 -9.386 -9.683 -9.746 -9.616 -9.686 -9.488 -9.615 -9.582 -9.570 -9.438 -9.524 -9.515 -9.593 -9.467 -9.405 -9.494 -9.520 -9.370 -9.332 -9.311 -9.316 -9.206 -9.141 -9.144 -9.110 -8.961 -8.186 -8.077 -8.771 -8.956 -9.103 -8.941 -8.869 -8.838 -8.797 -8.763 -8.744 -8.697 -8.602 -8.622 -8.577 -8.543 -8.648 -8.597 -8.640 -8.585 -8.638 -8.696
-6.725 -7.065 -7.238 -7.538 -7.926 -8.078 -8.412 -8.597 -8.825 -8.896 -9.032 -9.111 -9.497 -9.630 -9.782 -9.931 -9.942 -9.639 -9.570 -9.655 -9.445 -9.516 -9.587 -9.635 -9.927 -9.599 -9.440 -9.368 -9.533 -9.601 -9.390 -9.349 -9.222 -9.149 -9.228 -9.058 -9.012 -9.004 -9.011 -8.235 -8.429 -8.591 -8.706 -8.825 -8.847 -8.824 -8.810 -8.784 -8.680 -8.588 -8.544 -8.566 -8.461 -8.591 -8.564 -8.594 -8.523 -8.648 -8.479 -8.537
-6.811 -7.007 -7.265 -7.516 -7.768 -7.806 -8.272 -8.162 -8.367 -8.765 -8.949 -9.143 -9.203 -9.312 -9.585 -9.705 -9.722 -9.845 -9.721 -9.745 -9.643 -9.520 -9.587 -9.649 -9.637 -9.530 -9.381 -9.393 -9.559 -9.508 -9.423 -9.230 -9.175 -9.113 -9.066 -8.996 -8.967 -8.922 -8.657 -8.350 -7.962 -8.685 -8.364 -8.745 -8.702 -8.582 -8.606 -8.614 -8.166 -8.548 -8.526 -8.497 -8.340 -8.466 -8.435 -8.383 -8.434 -8.593 -8.620 -8.479
-6.631 -6.838 -7.116 -7.391 -7.688 -7.739 -8.056 -8.201 -8.491 -8.783 -8.920 -8.839 -9.094 -9.390 -9.672 -9.699 -9.761 -9.701 -9.638 -9.643 -9.652 -9.578 -9.645 -9.609 -9.501 -9.548 -9.426 -9.405 -9.507 -9.493 -9.399 -9.244 -9.147 -9.105 -9.058 -9.037 -9.002 -9.027 -8.927 -8.179 -7.916 -7.438 -8.051 -8.597 -8.541 -8.443 -8.433 -8.401 -7.569 -8.375 -8.377 -8.374 -8.373 -8.620 -8.501 -8.478 -8.339 -8.407 -8.601 -8.628
-6.528 -6.823 -7.079 -7.369 -7.629 -7.645 -7.915 -8.067 -8.346 -8.727 -8.655 -8.748 -8.898 -9.268 -9.565 -9.575 -9.684 -9.783 -9.701 -9.604 -9.325 -9.637 -9.635 -9.721 -9.792 -9.553 -9.486 -9.356 -9.387 -9.532 -9.567 -9.369 -9.216 -9.232 -9.153 -9.094 -9.063 -8.915 -8.918 -8.814 -8.719 -7.936 -7.142 -7.843 -8.346 -8.194 -7.800 -7.838 -7.813 -8.214 -8.259 -8.234 -8.273 -8.471 -8.438 -8.498 -8.519 -8.390 -8.409 -8.626
-6.540 -6.828 -7.046 -7.311 -7.538 -7.558 -7.951 -8.156 -8.388 -8.622 -8.670 -8.822 -8.882 -9.405 -9.474 -9.525 -9.394 -9.348 -9.692 -9.234 -9.169 -9.336 -9.546 -9.600 -9.786 -9.582 -9.466 -9.459 -9.638 -9.344 -9.539 -9.316 -9.236 -9.165 -9.126 -9.048 -9.025 -8.951 -8.774 -8.777 -8.687 -8.536 -8.048 -7.017 -7.210 -7.050 -7.408 -7.807 -8.232 -8.168 -8.172 -7.917 -8.001 -8.052 -8.392 -8.418 -8.488 -8.495 -8.419 -8.471
-6.234 -6.764 -6.978 -7.191 -7.426 -7.477 -7.778 -8.010 -8.349 -8.299 -8.624 -8.843 -9.214 -9.371 -9.463 -9.617 -9.685 -9.348 -9.376 -9.222 -9.236 -9.102 -9.357 -9.487 -9.461 -9.538 -9.441 -9.382 -9.544 -9.185 -9.203 -9.213 -9.188 -9.104 -9.047 -8.996 -8.968 -8.843 -8.679 -8.608 -8.654 -8.500 -8.351 -7.481 -6.838 -8.025 -8.072 -8.086 -8.135 -8.115 -7.972 -7.542 -8.030 -8.327 -8.390 -8.394 -8.447 -8.439 -8.508 -8.382
-6.448 -6.718 -6.917 -7.135 -7.396 -7.425 -7.765 -7.969 -8.043 -8.200 -8.581 -8.849 -8.841 -9.225 -9.310 -9.431 -9.548 -9.591 -9.439 -9.449 -9.073 -9.035 -9.210 -9.404 -9.362 -9.260 -9.255 -9.208 -9.117 -9.035 -9.013 -9.082 -9.028 -9.018 -8.975 -8.876 -8.832 -8.614 -8.593 -8.561 -8.440 -8.404 -8.366 -7.931 -6.656 -7.636 -8.210 -8.039 -8.054 -7.410 -6.949 -7.346 -7.987 -8.490 -8.168 -8.302 -8.355 -8.288 -8.460 -8.450
-6.456 -6.683 -6.869 -7.085 -7.262 -7.351 -7.563 -7.918 -8.093 -8.296 -8.469 -8.675 -8.708 -8.841 -9.157 -9.326 -9.422 -9.237 -9.317 -9.363 -9.152 -9.056 -9.015 -9.204 -9.264 -9.193 -9.057 -9.035 -9.009 -8.930 -8.895 -8.918 -8.903 -8.987 -8.900 -8.757 -8.598 -8.473 -8.455 -8.281 -8.211 -8.412 -8.364 -8.090 -7.061 -6.844 -7.813 -8.045 -7.612 -6.666 -7.577 -7.899 -7.957 -8.484 -8.249 -8.121 -8.189 -8.190 -8.260 -8.293
-6.318 -6.531 -6.633 -6.931 -7.174 -7.336 -7.668 -7.856 -8.002 -8.171 -8.410 -8.505 -8.644 -8.768 -8.938 -9.151 -9.026 -9.011 -9.002 -9.026 -8.975 -9.146 -8.859 -8.889 -9.115 -9.155 -8.964 -8.979 -8.991 -8.836 -8.818 -8.774 -8.893 -8.847 -8.641 -8.669 -8.491 -8.439 -8.337 -8.403 -8.160 -8.335 -8.286 -8.215 -7.322 -6.602 -6.881 -7.507 -6.729 -7.279 -7.402 -7.346 -7.958 -8.376 -8.289 -8.174 -8.052 -8.088 -8.178 -8.188
-6.204 -6.422 -6.601 -6.671 -7.138 -7.394 -7.640 -7.757 -7.933 -8.157 -8.323 -8.261 -8.546 -8.564 -8.802 -8.972 -9.189 -8.963 -8.924 -9.022 -9.023 -9.038 -8.919 -8.762 -8.913 -9.006 -8.958 -8.883 -8.884 -8.833 -8.756 -8.724 -8.738 -8.722 -8.599 -8.458 -8.461 -8.421 -8.314 -8.303 -8.238 -7.874 -8.167 -8.072 -8.075 -7.086 -6.100 -6.846 -6.307 -7.352 -7.852 -7.503 -7.683 -8.176 -8.104 -8.160 -8.038 -7.975 -8.027 -8.208
-6.018 -5.959 -6.476 -6.814 -7.073 -7.216 -7.495 -7.735 -7.875 -8.011 -8.162 -8.131 -8.230 -8.522 -8.680 -8.821 -8.865 -8.896 -8.880 -8.866 -8.984 -8.898 -8.874 -8.943 -8.912 -8.631 -8.819 -8.760 -8.717 -8.666 -8.593 -8.559 -8.606 -8.570 -8.484 -8.399 -8.309 -8.274 -8.148 -8.136 -8.169 -8.008 -7.799 -7.959 -8.015 -7.871 -6.436 -6.166 -6.532 -7.351 -7.811 -7.805 -7.830 -7.770 -7.707 -7.979 -8.009 -7.903 -8.035 -8.104
-5.808 -5.875 -6.378 -6.713 -6.802 -7.188 -7.440 -7.645 -7.823 -7.847 -8.038 -8.048 -8.242 -8.441 -8.576 -8.658 -8.655 -8.814 -8.741 -8.845 -8.994 -9.206 -8.949 -8.760 -8.793 -8.617 -8.733 -8.649 -8.594 -8.530 -8.488 -8.429 -8.470 -8.467 -8.405 -8.253 -8.185 -8.177 -8.114 -8.028 -8.012 -7.974 -7.695 -7.428 -7.599 -7.019 -6.225 -6.431 -6.892 -7.030 -7.379 -7.792 -7.912 -7.797 -7.765 -7.831 -7.822 -7.795 -7.888 -7.867
-5.475 -6.186 -6.448 -6.507 -6.857 -7.159 -7.353 -7.571 -7.706 -7.756 -7.969 -8.029 -8.028 -8.307 -8.413 -8.540 -8.599 -8.677 -8.797 -8.684 -8.828 -8.949 -9.012 -8.732 -8.521 -8.475 -8.572 -8.710 -8.504 -8.613 -8.541 -8.429 -8.289 -8.352 -8.380 -8.305 -8.072 -8.030 -7.987 -7.952 -7.861 -7.796 -7.647 -6.631 -6.547 -6.477 -6.326 -6.735 -7.216 -7.195 -7.624 -7.482 -7.851 -8.063 -8.267 -7.916 -7.724 -7.807 -7.794 -7.774
