tests/files/spatial_manager/layers/compound/TA/TA0101201601.asc
ncols	60
nrows	60
xllcorner	390242.99999940
yllcorner	3870256.0000075
cellsize	500.00000000000
NODATA_value	-9999.000000
[rows 0 to 38 of 60, columns 0 to 59 of 60]
-7.676 -8.000 -8.103 -8.069 -8.372 -8.461 -8.768 -8.845 -9.620 -9.093 -9.187 -9.316 -9.452 -9.487 -9.527 -9.623 -9.733 -9.846 -9.958 -10.09 -10.18 -10.25 -10.38 -10.41 -10.39 -10.49 -10.48 -10.46 -10.51 -10.61 -10.77 -10.69 -10.61 -10.59 -10.66 -10.76 -10.75 -10.65 -10.50 -10.53 -9999 -9999 -9999 -9999 -9999 -9999 -9999 -9999 -9999 -9999 -9999 -9999 -9999 -9999 -9999 -9999 -9999 -9999 -9999 -9999
-7.987 -8.047 -8.222 -8.048 -8.531 -8.531 -8.650 -9.046 -9.383 -9.432 -9.574 -9.651 -9.454 -9.546 -9.695 -9.631 -9.776 -9.871 -10.01 -10.20 -10.29 -10.30 -10.27 -10.31 -10.39 -10.62 -10.90 -10.51 -10.47 -10.62 -10.70 -10.63 -10.64 -10.56 -10.59 -10.60 -10.50 -10.46 -10.43 -10.43 -9999 -9999 -9999 -9999 -9999 -9999 -9999 -9999 -9999 -9999 -9999 -9999 -9999 -9999 -9999 -9999 -9999 -9999 -9999 -9999
-8.073 -8.202 -8.270 -8.414 -8.646 -8.400 -8.576 -8.902 -9.109 -9.320 -9.585 -9.823 -9.582 -9.666 -9.690 -9.652 -9.757 -9.909 -10.10 -10.50 -10.67 -10.37 -10.27 -10.29 -10.38 -10.50 -10.74 -10.51 -10.44 -10.56 -10.55 -10.56 -10.57 -10.58 -10.64 -10.54 -10.56 -10.53 -10.42 -10.35 -9999 -9999 -9999 -9999 -9999 -9999 -9999 -9999 -9999 -9999 -9999 -9999 -9999 -9999 -9999 -9999 -9999 -9999 -9999 -9999
-8.265 -8.298 -8.328 -8.991 -8.627 -8.465 -8.576 -8.896 -9.128 -9.292 -9.453 -9.561 -9.650 -9.575 -9.680 -9.696 -9.851 -9.950 -10.20 -10.70 -11.17 -10.59 -10.28 -10.27 -10.35 -10.37 -10.39 -10.40 -10.40 -10.48 -10.48 -10.48 -10.56 -10.60 -10.65 -10.57 -10.52 -10.55 -10.49 -10.36 -9999 -9999 -9999 -9999 -9999 -9999 -9999 -9999 -9999 -9999 -9999 -9999 -9999 -9999 -9999 -9999 -9999 -9999 -9999 -9999
-9.042 -8.695 -8.443 -8.903 -8.640 -8.547 -8.651 -8.774 -9.011 -9.276 -9.410 -9.513 -9.608 -9.845 -9.797 -9.769 -9.784 -9.994 -10.06 -10.44 -10.65 -10.42 -10.21 -10.22 -10.22 -10.27 -10.31 -10.37 -10.42 -10.41 -10.41 -10.48 -10.51 -10.57 -10.60 -10.62 -10.61 -10.56 -10.45 -10.31 -9999 -9999 -9999 -9999 -9999 -9999 -9999 -9999 -9999 -9999 -9999 -9999 -9999 -9999 -9999 -9999 -9999 -9999 -9999 -9999
-9.102 -8.659 -8.752 -9.007 -8.766 -8.619 -8.764 -8.821 -8.912 -9.207 -9.260 -9.382 -9.407 -9.672 -9.665 -9.696 -9.853 -9.825 -9.999 -10.30 -10.32 -10.24 -10.16 -10.17 -10.20 -10.22 -10.25 -10.35 -10.42 -10.39 -10.39 -10.40 -10.43 -10.48 -10.51 -10.64 -10.49 -10.44 -10.40 -10.24 -9999 -9999 -9999 -9999 -9999 -9999 -9999 -9999 -9999 -9999 -9999 -9999 -9999 -9999 -9999 -9999 -9999 -9999 -9999 -9999
-9.379 -9.306 -9.174 -9.131 -8.841 -8.680 -8.708 -8.821 -9.030 -9.052 -9.236 -9.294 -9.415 -9.513 -9.602 -9.715 -9.679 -9.786 -9.952 -10.04 -10.17 -10.12 -10.29 -10.19 -10.19 -10.19 -10.22 -10.26 -10.33 -10.33 -10.33 -10.34 -10.35 -10.34 -10.42 -10.38 -10.41 -10.33 -10.31 -10.17 -9999 -9999 -9999 -9999 -9999 -9999 -9999 -9999 -9999 -9999 -9999 -9999 -9999 -9999 -9999 -9999 -9999 -9999 -9999 -9999
-9.836 -9.804 -9.214 -8.874 -8.704 -8.683 -8.714 -8.841 -9.175 -9.089 -9.175 -9.278 -9.374 -9.570 -9.678 -9.573 -9.661 -9.764 -9.916 -9.977 -10.07 -10.16 -10.43 -10.26 -10.27 -10.21 -10.20 -10.21 -10.24 -10.25 -10.24 -10.30 -10.28 -10.28 -10.29 -10.26 -10.20 -10.26 -10.10 -10.08 -9999 -9999 -9999 -9999 -9999 -9999 -9999 -9999 -9999 -9999 -9999 -9999 -9999 -9999 -9999 -9999 -9999 -9999 -9999 -9999
-10.02 -9.872 -9.193 -8.864 -8.668 -8.610 -8.688 -8.783 -8.939 -9.105 -9.164 -9.302 -9.520 -9.661 -9.530 -9.579 -9.649 -9.769 -9.860 -9.959 -9.990 -10.09 -10.20 -10.62 -10.69 -10.29 -10.32 -10.22 -10.22 -10.24 -10.23 -10.24 -10.27 -10.23 -10.23 -10.10 -10.07 -10.06 -10.06 -10.03 -9999 -9999 -9999 -9999 -9999 -9999 -9999 -9999 -9999 -9999 -9999 -9999 -9999 -9999 -9999 -9999 -9999 -9999 -9999 -9999
-9.484 -9.046 -8.965 -8.689 -8.631 -8.564 -8.649 -8.765 -8.893 -9.051 -9.176 -9.376 -9.546 -9.673 -9.622 -9.647 -9.690 -9.702 -9.873 -9.956 -10.01 -10.01 -10.13 -10.42 -10.36 -10.32 -10.34 -10.32 -10.24 -10.18 -10.16 -10.15 -10.21 -10.31 -10.41 -10.38 -10.01 -10.02 -9.996 -9.916 -9999 -9999 -9999 -9999 -9999 -9999 -9999 -9999 -9999 -9999 -9999 -9999 -9999 -9999 -9999 -9999 -9999 -9999 -9999 -9999
-8.922 -8.908 -8.593 -8.428 -8.470 -8.585 -8.746 -8.767 -8.876 -9.043 -9.201 -9.363 -9.528 -9.585 -10.18 -9.884 -9.704 -9.698 -9.817 -9.933 -10.02 -9.931 -10.12 -10.23 -10.25 -10.26 -10.27 -10.25 -10.21 -10.21 -10.03 -10.10 -10.21 -10.26 -10.32 -10.31 -10.04 -9.958 -9.937 -9.888 -9999 -9999 -9999 -9999 -9999 -9999 -9999 -9999 -9999 -9999 -9999 -9999 -9999 -9999 -9999 -9999 -9999 -9999 -9999 -9999
-8.420 -8.485 -8.481 -8.357 -8.335 -8.397 -8.624 -8.841 -8.965 -9.057 -9.255 -9.385 -9.312 -9.488 -9.736 -9.788 -9.893 -9.856 -9.757 -9.845 -9.873 -9.946 -9.905 -10.11 -10.17 -10.19 -10.25 -10.23 -10.21 -10.16 -9.977 -9.983 -10.15 -10.22 -10.22 -10.14 -9.914 -9.873 -9.838 -9.802 -9999 -9999 -9999 -9999 -9999 -9999 -9999 -9999 -9999 -9999 -9999 -9999 -9999 -9999 -9999 -9999 -9999 -9999 -9999 -9999
-8.086 -8.107 -8.275 -8.299 -8.243 -8.322 -8.515 -8.711 -8.969 -9.068 -9.191 -9.355 -9.282 -9.427 -9.608 -9.777 -9.829 -9.892 -9.945 -9.878 -9.922 -9.852 -9.878 -9.847 -10.08 -10.11 -10.09 -10.14 -10.12 -9.957 -9.923 -9.901 -10.02 -10.11 -10.05 -10.07 -9.983 -9.826 -9.788 -9.759 -9999 -9999 -9999 -9999 -9999 -9999 -9999 -9999 -9999 -9999 -9999 -9999 -9999 -9999 -9999 -9999 -9999 -9999 -9999 -9999
-7.704 -7.856 -8.053 -8.121 -8.151 -8.205 -8.370 -8.659 -8.767 -8.971 -9.171 -9.129 -9.278 -9.422 -9.778 -9.816 -9.884 -9.928 -9.944 -9.942 -9.814 -9.951 -9.875 -9.926 -9.815 -10.04 -10.04 -10.02 -9.864 -9.838 -9.843 -9.849 -9.943 -9.957 -9.950 -9.921 -9.835 -9.773 -9.738 -9.709 -9999 -9999 -9999 -9999 -9999 -9999 -9999 -9999 -9999 -9999 -9999 -9999 -9999 -9999 -9999 -9999 -9999 -9999 -9999 -9999
-7.485 -7.648 -7.757 -7.949 -8.001 -8.179 -8.252 -8.460 -8.598 -8.859 -8.885 -9.028 -9.177 -9.376 -9.591 -9.743 -9.729 -9.811 -9.879 -9.978 -10.03 -9.984 -9.982 -9.937 -9.857 -9.831 -9.832 -9.790 -9.797 -9.795 -9.793 -9.801 -9.873 -9.886 -9.982 -9.992 -9.852 -9.758 -9.685 -9.673 -9999 -9999 -9999 -9999 -9999 -9999 -9999 -9999 -9999 -9999 -9999 -9999 -9999 -9999 -9999 -9999 -9999 -9999 -9999 -9999
-7.376 -7.448 -7.574 -7.787 -7.857 -8.045 -8.234 -8.431 -8.552 -8.677 -9.000 -9.078 -9.203 -9.299 -9.503 -9.583 -9.723 -9.827 -9.902 -9.941 -9.821 -9.934 -9.885 -9.847 -9.848 -9.800 -9.823 -9.786 -9.755 -9.758 -9.765 -9.737 -9.791 -9.831 -10.04 -10.14 -10.25 -9.783 -9.636 -9.625 -9999 -9999 -9999 -9999 -9999 -9999 -9999 -9999 -9999 -9999 -9999 -9999 -9999 -9999 -9999 -9999 -9999 -9999 -9999 -9999
-6.968 -7.262 -7.523 -7.841 -8.037 -8.135 -8.318 -8.513 -8.552 -8.657 -9.085 -9.218 -9.424 -9.358 -9.404 -9.557 -9.858 -9.749 -10.15 -9.785 -9.794 -9.750 -9.760 -9.783 -9.836 -9.870 -9.786 -9.741 -9.695 -9.718 -9.756 -9.686 -9.740 -9.782 -9.950 -9.939 -10.35 -9.795 -9.595 -9.576 -9999 -9999 -9999 -9999 -9999 -9999 -9999 -9999 -9999 -9999 -9999 -9999 -9999 -9999 -9999 -9999 -9999 -9999 -9999 -9999
-7.151 -7.368 -7.623 -7.908 -8.508 -8.708 -8.430 -8.545 -8.674 -8.762 -8.783 -9.072 -9.211 -9.328 -9.361 -9.505 -9.704 -9.822 -9.799 -9.738 -9.742 -9.795 -9.732 -9.763 -9.720 -9.980 -9.717 -9.695 -9.654 -9.694 -9.715 -9.645 -9.678 -9.736 -9.807 -9.819 -9.900 -9.671 -9.536 -9.534 -9999 -9999 -9999 -9999 -9999 -9999 -9999 -9999 -9999 -9999 -9999 -9999 -9999 -9999 -9999 -9999 -9999 -9999 -9999 -9999
-7.219 -7.366 -7.524 -7.925 -8.318 -8.303 -8.352 -8.649 -8.653 -8.762 -8.833 -8.983 -9.176 -9.281 -9.324 -9.446 -9.653 -9.803 -9.788 -9.812 -9.721 -9.715 -9.641 -9.693 -9.727 -9.662 -9.757 -9.631 -9.595 -9.594 -9.592 -9.600 -9.571 -9.668 -9.723 -9.719 -9.667 -9.575 -9.478 -9.480 -9999 -9999 -9999 -9999 -9999 -9999 -9999 -9999 -9999 -9999 -9999 -9999 -9999 -9999 -9999 -9999 -9999 -9999 -9999 -9999
-7.184 -7.507 -7.758 -7.970 -8.009 -8.167 -8.348 -8.529 -8.572 -8.724 -8.816 -9.022 -9.095 -9.258 -9.379 -9.393 -9.538 -9.602 -9.570 -9.636 -9.585 -9.722 -9.639 -9.621 -9.619 -9.666 -9.673 -9.586 -9.606 -9.577 -9.553 -9.508 -9.457 -9.606 -9.656 -9.645 -9.615 -9.569 -9.495 -9.425 -9999 -9999 -9999 -9999 -9999 -9999 -9999 -9999 -9999 -9999 -9999 -9999 -9999 -9999 -9999 -9999 -9999 -9999 -9999 -9999
-7.136 -7.574 -7.733 -8.087 -8.115 -8.152 -8.392 -8.652 -8.746 -8.838 -8.880 -9.045 -9.124 -9.255 -9.357 -9.464 -9.459 -9.526 -9.542 -9.544 -9.668 -9.625 -9.704 -9.600 -9.596 -9.536 -9.478 -9.538 -9.555 -9.547 -9.511 -9.497 -9.486 -9.451 -9.582 -9.567 -9.544 -9.514 -9.449 -9.361 -9.300 -9.258 -9.230 -9.183 -9.154 -9.128 -9.084 -9.039 -8.998 -8.952 -8.908 -8.840 -8.741 -8.736 -9999 -9999 -9999 -9999 -8.805 -8.819
-7.045 -7.235 -7.556 -7.885 -8.246 -8.069 -8.335 -8.675 -8.702 -8.807 -8.935 -9.052 -9.125 -9.195 -9.275 -9.409 -9.512 -9.524 -9.454 -9.655 -9.661 -9.804 -9.849 -9.705 -9.530 -9.507 -9.408 -9.404 -9.461 -9.408 -9.431 -9.409 -9.396 -9.267 -9.461 -9.463 -9.449 -9.412 -9.382 -9.297 -9.222 -9.182 -9.155 -9.103 -9.090 -9.060 -9.026 -8.980 -8.897 -8.857 -8.847 -8.769 -8.707 -8.743 -9.011 -9.063 -8.742 -8.700 -8.620 -8.892
-7.004 -7.238 -7.136 -7.474 -7.790 -8.093 -8.432 -8.681 -9.063 -9.052 -9.020 -9.073 -9.288 -9.459 -9.307 -9.311 -9.399 -9.545 -9.596 -9.593 -9.562 -9.654 -9.578 -9.542 -9.481 -9.442 -9.405 -9.376 -9.369 -9.358 -9.333 -9.280 -9.282 -8.976 -9.381 -9.352 -9.283 -9.264 -9.282 -9.211 -9.179 -9.092 -9.056 -9.027 -8.998 -8.970 -8.936 -8.867 -8.828 -8.806 -8.733 -8.697 -8.671 -8.683 -9.004 -9.156 -8.836 -8.795 -8.837 -8.673
-6.880 -6.789 -7.190 -7.457 -7.730 -8.047 -8.376 -8.604 -8.917 -9.132 -9.082 -9.088 -9.355 -10.02 -9.431 -9.313 -9.337 -9.424 -9.474 -9.573 -9.463 -9.358 -9.351 -9.321 -9.360 -9.377 -9.333 -9.332 -9.338 -9.326 -9.333 -9.252 -9.195 -9.215 -9.200 -8.712 -9.194 -9.073 -9.089 -8.579 -8.942 -9.004 -8.974 -8.974 -8.927 -8.890 -8.877 -8.840 -8.787 -8.745 -8.665 -8.651 -8.668 -8.646 -8.769 -8.895 -8.824 -8.789 -8.705 -8.747
-6.670 -6.717 -7.020 -7.433 -7.782 -8.066 -8.347 -8.518 -8.715 -8.974 -8.946 -9.101 -9.262 -9.714 -9.550 -9.351 -9.319 -9.386 -9.469 -9.536 -9.316 -9.310 -9.298 -9.380 -9.376 -9.307 -9.289 -9.373 -9.371 -9.272 -9.264 -9.262 -9.243 -9.216 -9.148 -8.983 -8.423 -8.424 -8.672 -8.986 -8.990 -8.991 -8.895 -8.908 -8.874 -8.843 -8.827 -8.790 -8.747 -8.705 -8.611 -8.631 -8.613 -8.564 -8.682 -8.688 -8.696 -8.729 -8.567 -8.656
-6.423 -6.656 -6.983 -7.359 -7.765 -8.024 -8.298 -8.461 -8.649 -8.731 -8.961 -9.003 -9.143 -9.447 -9.517 -9.394 -9.473 -9.282 -9.416 -9.391 -9.387 -9.262 -9.355 -9.354 -9.439 -9.320 -9.265 -9.360 -9.394 -9.250 -9.218 -9.203 -9.214 -9.109 -9.049 -9.058 -9.029 -8.884 -8.113 -8.008 -8.706 -8.895 -9.045 -8.886 -8.818 -8.789 -8.750 -8.718 -8.701 -8.656 -8.562 -8.584 -8.541 -8.507 -8.613 -8.562 -8.606 -8.552 -8.605 -8.663
-6.431 -6.774 -6.949 -7.253 -7.644 -7.801 -8.139 -8.329 -8.562 -8.639 -8.781 -8.867 -9.259 -9.400 -9.559 -9.715 -9.733 -9.437 -9.376 -9.468 -9.266 -9.344 -9.423 -9.478 -9.777 -9.456 -9.304 -9.239 -9.410 -9.484 -9.280 -9.244 -9.123 -9.055 -9.140 -8.974 -8.933 -8.930 -8.941 -8.169 -8.367 -8.533 -8.650 -8.773 -8.798 -8.777 -8.765 -8.741 -8.640 -8.549 -8.506 -8.530 -8.426 -8.557 -8.530 -8.561 -8.491 -8.616 -8.447 -8.505
-6.522 -6.720 -6.981 -7.235 -7.491 -7.533 -8.005 -7.900 -8.110 -8.513 -8.703 -8.904 -8.970 -9.087 -9.366 -9.493 -9.517 -9.648 -9.532 -9.563 -9.469 -9.353 -9.427 -9.496 -9.491 -9.391 -9.249 -9.268 -9.440 -9.395 -9.316 -9.129 -9.080 -9.023 -8.981 -8.916 -8.891 -8.851 -8.589 -8.286 -7.902 -8.629 -8.311 -8.694 -8.655 -8.537 -8.564 -8.573 -8.127 -8.511 -8.490 -8.462 -8.307 -8.433 -8.404 -8.352 -8.403 -8.563 -8.589 -8.448
-6.347 -6.557 -6.838 -7.115 -7.417 -7.472 -7.793 -7.943 -8.238 -8.536 -8.680 -8.604 -8.866 -9.169 -9.458 -9.492 -9.561 -9.509 -9.453 -9.465 -9.482 -9.415 -9.490 -9.460 -9.360 -9.413 -9.298 -9.283 -9.392 -9.383 -9.296 -9.146 -9.054 -9.018 -8.976 -8.959 -8.929 -8.959 -8.862 -8.118 -7.859 -7.384 -8.000 -8.549 -8.496 -8.400 -8.392 -8.362 -7.532 -8.340 -8.343 -8.341 -8.341 -8.589 -8.470 -8.448 -8.309 -8.378 -8.571 -8.599
-6.248 -6.546 -6.805 -7.098 -7.362 -7.382 -7.657 -7.814 -8.098 -8.485 -8.419 -8.518 -8.675 -9.052 -9.356 -9.373 -9.489 -9.596 -9.521 -9.431 -9.160 -9.478 -9.484 -9.577 -9.655 -9.422 -9.362 -9.238 -9.276 -9.426 -9.467 -9.275 -9.127 -9.148 -9.074 -9.020 -8.993 -8.849 -8.856 -8.756 -8.664 -7.885 -7.093 -7.797 -8.303 -8.153 -7.761 -7.801 -7.778 -8.180 -8.226 -8.202 -8.243 -8.442 -8.408 -8.469 -8.491 -8.362 -8.381 -8.598
-6.265 -6.556 -6.777 -7.045 -7.276 -7.300 -7.698 -7.908 -8.145 -8.385 -8.439 -8.597 -8.664 -9.194 -9.270 -9.328 -9.204 -9.165 -9.516 -9.066 -9.008 -9.182 -9.399 -9.460 -9.653 -9.456 -9.346 -9.345 -9.530 -9.242 -9.442 -9.225 -9.151 -9.085 -9.050 -8.977 -8.958 -8.888 -8.715 -8.721 -8.635 -8.486 -8.002 -6.973 -7.168 -7.011 -7.371 -7.772 -8.199 -8.136 -8.142 -7.887 -7.972 -8.024 -8.364 -8.391 -8.461 -8.468 -8.392 -8.444
-5.964 -6.497 -6.713 -6.930 -7.169 -7.224 -7.530 -7.767 -8.111 -8.067 -8.398 -8.624 -9.000 -9.164 -9.263 -9.424 -9.500 -9.170 -9.205 -9.058 -9.079 -8.952 -9.214 -9.351 -9.331 -9.416 -9.324 -9.272 -9.440 -9.087 -9.110 -9.125 -9.106 -9.027 -8.974 -8.928 -8.904 -8.783 -8.622 -8.555 -8.605 -8.453 -8.307 -7.440 -6.799 -7.988 -8.036 -8.053 -8.103 -8.084 -7.942 -7.514 -8.002 -8.301 -8.364 -8.368 -8.421 -8.414 -8.483 -8.357
-6.183 -6.455 -6.657 -6.879 -7.144 -7.177 -7.521 -7.730 -7.810 -7.973 -8.360 -8.634 -8.632 -9.024 -9.115 -9.243 -9.368 -9.417 -9.273 -9.290 -8.921 -8.889 -9.071 -9.272 -9.237 -9.141 -9.143 -9.102 -9.016 -8.940 -8.923 -8.998 -8.948 -8.944 -8.905 -8.810 -8.771 -8.556 -8.539 -8.511 -8.392 -8.359 -8.324 -7.891 -6.619 -7.601 -8.176 -8.007 -8.023 -7.381 -6.921 -7.319 -7.961 -8.464 -8.143 -8.278 -8.330 -8.264 -8.435 -8.425
-6.195 -6.425 -6.615 -6.833 -7.014 -7.107 -7.325 -7.684 -7.865 -8.073 -8.252 -8.465 -8.505 -8.644 -8.967 -9.143 -9.246 -9.068 -9.155 -9.208 -9.004 -8.915 -8.881 -9.076 -9.142 -9.078 -8.948 -8.932 -8.912 -8.839 -8.809 -8.836 -8.827 -8.915 -8.833 -8.694 -8.539 -8.417 -8.403 -8.233 -8.166 -8.370 -8.324 -8.053 -7.026 -6.811 -7.781 -8.015 -7.583 -6.639 -7.551 -7.874 -7.933 -8.460 -8.225 -8.098 -8.166 -8.167 -8.236 -8.270
-6.062 -6.277 -6.382 -6.684 -6.932 -7.098 -7.434 -7.627 -7.778 -7.953 -8.199 -8.300 -8.445 -8.576 -8.752 -8.972 -8.855 -8.846 -8.844 -8.875 -8.832 -9.009 -8.729 -8.765 -8.998 -9.044 -8.859 -8.879 -8.897 -8.748 -8.735 -8.696 -8.820 -8.779 -8.577 -8.608 -8.435 -8.387 -8.288 -8.357 -8.117 -8.294 -8.248 -8.179 -7.288 -6.571 -6.852 -7.478 -6.702 -7.253 -7.377 -7.322 -7.935 -8.353 -8.266 -8.152 -8.030 -8.066 -8.156 -8.166
-5.952 -6.173 -6.355 -6.429 -6.900 -7.161 -7.411 -7.533 -7.715 -7.944 -8.116 -8.060 -8.352 -8.377 -8.621 -8.798 -9.022 -8.803 -8.771 -8.876 -8.883 -8.905 -8.792 -8.642 -8.799 -8.899 -8.857 -8.787 -8.794 -8.748 -8.677 -8.649 -8.668 -8.657 -8.537 -8.401 -8.407 -8.371 -8.267 -8.259 -8.197 -7.836 -8.131 -8.038 -8.043 -7.056 -6.072 -6.819 -6.281 -7.327 -7.828 -7.480 -7.661 -8.154 -8.082 -8.139 -8.017 -7.954 -8.006 -8.187
-5.771 -5.715 -6.235 -6.576 -6.839 -6.986 -7.270 -7.515 -7.661 -7.802 -7.959 -7.935 -8.041 -8.339 -8.504 -8.652 -8.702 -8.740 -8.731 -8.723 -8.849 -8.769 -8.752 -8.827 -8.802 -8.527 -8.721 -8.668 -8.630 -8.584 -8.516 -8.488 -8.538 -8.507 -8.426 -8.344 -8.258 -8.226 -8.104 -8.094 -8.130 -7.972 -7.765 -7.927 -7.985 -7.843 -6.409 -6.141 -6.508 -7.328 -7.788 -7.783 -7.809 -7.749 -7.687 -7.959 -7.990 -7.883 -8.015 -8.084
-5.565 -5.635 -6.142 -6.480 -6.573 -6.964 -7.220 -7.430 -7.614 -7.644 -7.841 -7.856 -8.057 -8.263 -8.404 -8.493 -8.497 -8.662 -8.596 -8.707 -8.862 -9.082 -8.831 -8.648 -8.687 -8.517 -8.638 -8.560 -8.511 -8.452 -8.414 -8.360 -8.406 -8.407 -8.349 -8.201 -8.136 -8.132 -8.072 -7.988 -7.975 -7.940 -7.663 -7.398 -7.570 -6.993 -6.200 -6.408 -6.869 -7.008 -7.358 -7.772 -7.892 -7.777 -7.746 -7.812 -7.803 -7.776 -7.870 -7.848
-5.237 -5.950 -6.215 -6.278 -6.633 -6.939 -7.138 -7.361 -7.501 -7.558 -7.776 -7.843 -7.847 -8.133 -8.246 -8.379 -8.445 -8.530 -8.657 -8.551 -8.701 -8.829 -8.898 -8.624 -8.419 -8.379 -8.481 -8.625 -8.424 -8.538 -8.470 -8.363 -8.228 -8.295 -8.327 -8.255 -8.026 -7.987 -7.947 -7.914 -7.827 -7.764 -7.617 -6.603 -6.521 -6.452 -6.302 -6.713 -7.195 -7.174 -7.604 -7.463 -7.832 -8.044 -8.249 -7.898 -7.707 -7.789 -7.776 -7.756
